chr19	66048	66345	0	0	1	2	0	71
chr19	66499	70926	2	2	0	0	1	66
chr19	66499	71139	2	2	0	4	0	17
chr19	66500	70927	0	0	1	1	0	23
chr19	191354	193577	2	2	0	1	0	54
chr19	191354	208325	2	2	0	1	0	32
chr19	194765	205778	2	2	0	1	0	12
chr19	201662	201754	2	2	0	4	0	42
chr19	201662	205168	2	2	0	15	7	68
chr19	201813	203873	2	2	0	3	0	51
chr19	204065	204842	2	2	0	6	0	70
chr19	204065	205168	2	2	0	17	8	64
chr19	204065	208325	2	2	0	2	0	67
chr19	204069	204842	2	2	0	2	0	70
chr19	205076	205168	2	2	0	7	7	68
chr19	205227	205453	2	2	0	3	0	59
chr19	205227	206037	2	2	0	2	0	22
chr19	205227	208325	2	2	0	3	13	40
chr19	205227	221139	2	2	0	0	13	24
chr19	206140	208325	2	2	0	2	0	56
chr19	208391	208956	2	2	0	2	0	47
chr19	208391	209234	2	2	0	1	0	53
chr19	209014	209234	2	2	0	2	0	47
chr19	209866	211760	2	2	0	1	0	57
chr19	210924	211036	2	2	0	1	0	51
chr19	221205	223965	2	2	0	2	0	64
chr19	223091	223965	2	2	0	1	0	14
chr19	224048	229634	2	2	0	12	0	55
chr19	230164	231255	2	2	0	1	0	43
chr19	233540	234424	2	2	0	1	0	68
chr19	233542	234424	2	2	0	8	0	71
chr19	234140	234420	2	2	0	3	0	56
chr19	234641	237934	2	2	0	14	0	72
chr19	238067	239128	2	2	0	10	0	62
chr19	239239	246395	2	2	0	5	0	31
chr19	269793	270266	2	2	0	0	1	21
chr19	269985	270050	2	2	0	0	1	74
chr19	269985	270388	2	2	0	0	1	74
chr19	269995	270534	2	2	0	0	1	73
chr19	270323	270388	2	2	0	0	1	63
chr19	270333	270534	2	2	0	0	1	73
chr19	281537	282132	2	2	0	19	0	73
chr19	282810	287473	0	0	1	9	0	62
chr19	287751	288018	2	2	0	30	0	62
chr19	288172	290951	0	0	1	1	0	12
chr19	288172	291284	0	0	1	14	0	68
chr19	306711	307117	2	2	0	20	0	71
chr19	307537	308576	0	0	1	20	0	71
chr19	308665	308799	2	2	0	23	0	74
chr19	308665	308820	2	2	0	4	0	75
chr19	308926	311844	0	0	1	30	0	68
chr19	311940	312190	0	0	1	16	0	67
chr19	312273	313491	0	0	1	12	0	74
chr19	313643	325633	2	2	0	17	0	71
chr19	325705	326506	0	0	1	22	0	65
chr19	326336	326443	1	1	0	0	1	42
chr19	326598	327131	2	2	0	22	0	75
chr19	327256	327862	2	2	0	42	0	69
chr19	327990	334399	0	0	1	29	0	58
chr19	334543	336082	0	0	1	3	0	68
chr19	336174	344773	0	0	1	1	0	20
chr19	362426	367063	2	2	0	1	0	44
chr19	374721	374975	1	1	0	4	0	36
chr19	375123	383741	1	1	0	3	0	65
chr19	375123	384599	1	1	0	4	0	63
chr19	384729	385122	1	1	0	2	0	48
chr19	385215	386584	1	1	0	2	0	59
chr19	408401	408580	2	2	0	2	0	30
chr19	408402	409005	0	0	1	52	0	72
chr19	417322	418921	2	2	0	4	1	34
chr19	417323	418922	0	0	1	100	1	74
chr19	419056	422144	2	2	0	3	1	48
chr19	419057	422145	0	0	1	105	1	75
chr19	422456	425095	2	2	0	46	0	75
chr19	425232	430683	0	0	1	65	2	67
chr19	428824	428971	2	2	0	1	0	29
chr19	428850	429145	2	2	0	0	1	25
chr19	428998	429145	2	2	0	0	1	25
chr19	429489	429684	2	2	0	0	1	28
chr19	429489	429978	2	2	0	1	0	44
chr19	429636	429684	2	2	0	0	2	62
chr19	429757	429805	2	2	0	0	1	67
chr19	429953	430051	2	2	0	0	1	25
chr19	429953	430101	2	2	0	0	1	25
chr19	429953	430201	2	2	0	0	1	25
chr19	429953	430250	2	2	0	0	1	25
chr19	430202	430448	2	2	0	1	0	74
chr19	430747	434707	2	2	0	4	1	63
chr19	430748	434708	0	0	1	53	1	65
chr19	434865	436163	2	2	0	2	0	47
chr19	434866	436164	0	0	1	43	7	74
chr19	435962	436164	0	0	1	1	1	32
chr19	436291	436628	2	2	0	1	0	46
chr19	436292	436379	0	0	1	91	57	70
chr19	436398	436628	2	2	0	2	0	18
chr19	436431	436628	2	2	0	11	67	52
chr19	436432	436629	0	0	1	36	67	53
chr19	436462	436628	2	2	0	2	0	46
chr19	436683	438716	2	2	0	22	76	53
chr19	436684	438717	0	0	1	71	80	63
chr19	438837	438968	2	2	0	31	42	62
chr19	438838	438969	0	0	1	36	53	71
chr19	439030	440860	2	2	0	5	34	60
chr19	439031	440861	0	0	1	53	39	63
chr19	440683	440860	2	2	0	1	0	42
chr19	440932	441083	2	2	0	4	0	72
chr19	440932	444938	2	2	0	1	0	64
chr19	440932	490245	2	2	0	2	0	26
chr19	440933	460528	0	0	1	81	25	73
chr19	441415	441502	2	2	0	2	0	24
chr19	441628	460527	2	2	0	2	0	35
chr19	452215	452279	1	1	0	0	1	30
chr19	452255	452384	1	1	0	0	3	36
chr19	452320	452384	1	1	0	0	3	36
chr19	457113	457175	2	2	0	1	0	30
chr19	459897	460527	2	2	0	2	0	71
chr19	464365	467648	0	0	1	8	0	53
chr19	467763	474620	0	0	1	1	0	23
chr19	472501	490245	2	2	0	1	0	45
chr19	490039	492912	1	1	0	1	0	62
chr19	498117	498494	1	1	0	1	0	51
chr19	498825	499164	1	1	0	2	0	63
chr19	498825	501667	1	1	0	3	0	74
chr19	507845	518888	0	0	1	62	0	74
chr19	513621	513684	2	2	0	2	1	66
chr19	513653	513684	2	2	0	0	1	37
chr19	524743	524909	2	2	0	0	1	62
chr19	524743	524964	2	2	0	1	1	62
chr19	524855	525074	2	2	0	1	0	67
chr19	532108	535835	1	1	0	2	0	55
chr19	532109	535836	0	0	1	128	0	73
chr19	534480	534612	2	2	0	0	1	45
chr19	534480	534656	2	2	0	0	1	45
chr19	534480	534700	2	2	0	0	1	45
chr19	534480	534744	2	2	0	0	1	45
chr19	534525	534832	2	2	0	1	0	51
chr19	534657	534832	2	2	0	1	0	71
chr19	535923	536241	1	1	0	193	0	74
chr19	536340	537011	1	1	0	2	3	67
chr19	536341	537012	0	0	1	149	4	74
chr19	537147	541337	1	1	0	2	0	50
chr19	537147	541341	1	1	0	13	0	65
chr19	537147	547278	1	1	0	1	0	14
chr19	537148	538677	0	0	1	2	0	65
chr19	537148	541338	0	0	1	182	3	71
chr19	537148	541345	0	0	1	2	0	53
chr19	541253	541338	0	0	1	2	0	19
chr19	567625	571439	0	0	1	4	0	53
chr19	572701	577772	1	1	0	2	0	70
chr19	572701	579498	1	1	0	421	0	75
chr19	572701	580377	1	1	0	1	0	71
chr19	572702	579499	0	0	1	1	0	72
chr19	579158	579240	1	1	0	1	0	25
chr19	579657	580378	0	0	1	1357	7	75
chr19	580461	580644	1	1	0	70	27	75
chr19	580462	580645	0	0	1	1017	46	75
chr19	580782	581313	1	1	0	41	42	59
chr19	580783	581314	0	0	1	1070	47	75
chr19	581591	582304	1	1	0	1010	1	46
chr19	582330	582516	1	1	0	1	0	26
chr19	582331	582513	0	0	1	1124	3	27
chr19	582582	582748	1	1	0	36	0	73
chr19	582583	582749	0	0	1	1026	3	72
chr19	590577	603542	1	1	0	1	0	49
chr19	590577	603601	1	1	0	2	0	40
chr19	590578	603543	0	0	1	131	0	75
chr19	596464	596491	2	2	0	1	0	54
chr19	597626	597827	1	1	0	1	0	38
chr19	603872	646820	1	3	0	3	0	19
chr19	603967	605059	1	1	0	205	0	73
chr19	605222	607962	1	1	0	109	0	74
chr19	605222	608004	1	1	0	1	0	68
chr19	605382	605797	1	1	0	0	1	43
chr19	605486	605589	1	1	0	0	1	53
chr19	605486	605641	1	1	0	0	1	53
chr19	605486	605693	1	1	0	0	1	53
chr19	605486	605797	1	1	0	0	1	43
chr19	605642	605797	1	1	0	0	1	43
chr19	605694	605797	1	1	0	0	2	70
chr19	605746	605797	1	1	0	0	2	70
chr19	608182	610257	1	1	0	109	2	75
chr19	610405	613246	1	1	0	1	0	59
chr19	610406	613247	0	0	1	145	0	75
chr19	613488	613850	1	1	0	90	0	75
chr19	614016	615793	1	1	0	1	0	69
chr19	614017	615794	0	0	1	105	0	75
chr19	617324	617418	0	0	1	20	0	61
chr19	617480	617568	2	2	0	33	0	61
chr19	617655	617775	2	2	0	3	1	43
chr19	617656	617776	0	0	1	27	1	66
chr19	617849	618486	2	2	0	3	1	52
chr19	617850	618487	0	0	1	152	1	64
chr19	617871	618487	0	0	1	3	0	73
chr19	618281	618486	2	2	0	2	0	31
chr19	618587	618704	0	0	1	56	0	56
chr19	618761	618996	0	0	1	41	0	65
chr19	619111	619209	0	0	1	37	1	71
chr19	619296	619584	2	2	0	2	0	43
chr19	619297	619585	0	0	1	113	1	74
chr19	619687	619956	2	2	0	4	0	69
chr19	619765	619956	2	2	0	3	3	58
chr19	619766	619957	0	0	1	57	10	75
chr19	620080	620363	2	2	0	10	14	24
chr19	620081	620364	0	0	1	71	15	74
chr19	620487	621056	2	2	0	10	11	18
chr19	620488	621057	0	0	1	67	11	73
chr19	621847	622148	0	0	1	94	0	70
chr19	622374	622581	0	0	1	46	0	73
chr19	622743	622819	2	2	0	5	0	70
chr19	622753	622820	0	0	1	58	0	75
chr19	622986	623453	0	0	1	64	0	75
chr19	623603	624717	2	2	0	2	0	60
chr19	623604	624718	0	0	1	115	0	74
chr19	624905	625122	2	2	0	4	1	61
chr19	624906	625123	0	0	1	68	1	72
chr19	625212	629538	2	2	0	0	1	25
chr19	625213	629539	0	0	1	1	1	56
chr19	625255	629539	0	0	1	45	0	71
chr19	630169	632833	0	0	1	46	0	74
chr19	632939	633199	0	0	1	2	0	52
chr19	632939	633424	0	0	1	17	0	69
chr19	640140	643234	0	0	1	10	0	74
chr19	643338	643408	1	1	0	7	0	69
chr19	643338	643431	1	1	0	1	0	37
chr19	643339	643432	0	0	1	6	0	73
chr19	648278	648371	0	0	1	141	2	75
chr19	648487	648880	2	2	0	3	1	73
chr19	648487	648884	2	2	0	3	0	49
chr19	648488	648881	0	0	1	99	8	75
chr19	648976	649678	0	0	1	77	12	73
chr19	649052	649677	2	2	0	4	0	70
chr19	649748	650232	2	2	0	6	21	64
chr19	649749	650233	0	0	1	55	21	64
chr19	650296	651609	2	2	0	2	19	62
chr19	650296	651690	2	2	0	0	2	12
chr19	650297	651610	0	0	1	11	19	63
chr19	650297	651691	0	0	1	6	2	55
chr19	651856	652232	0	0	1	86	22	67
chr19	651916	652232	0	0	1	2	0	49
chr19	652296	652824	2	2	0	34	28	60
chr19	652297	652825	0	0	1	1	28	58
chr19	652884	663045	2	2	0	1	28	51
chr19	652885	661355	0	0	1	1	0	23
chr19	652885	663046	0	0	1	17	28	50
chr19	661439	663045	2	2	0	1	0	30
chr19	663707	664419	1	1	0	1	0	13
chr19	664011	667027	1	1	0	3	0	39
chr19	667336	667492	1	3	0	0	1	37
chr19	667398	667444	1	1	0	2	0	45
chr19	676527	677791	0	0	1	5	0	42
chr19	677977	680272	1	1	0	2	0	36
chr19	678722	678820	2	2	0	1	0	55
chr19	680489	681331	1	1	0	7	0	67
chr19	680879	681331	1	1	0	2	0	50
chr19	681561	681649	0	0	1	15	0	68
chr19	683155	683249	2	4	0	1	0	36
chr19	699015	711881	1	1	0	0	1	19
chr19	700891	711881	1	1	0	0	1	19
chr19	709152	726137	0	0	1	33	0	55
chr19	711198	726136	1	1	0	1	0	41
chr19	717547	719678	2	2	0	1	0	61
chr19	719658	726137	0	0	1	41	0	55
chr19	720504	726136	1	1	0	2	0	34
chr19	722907	723401	1	1	0	1	0	42
chr19	722908	726137	0	0	1	2	0	55
chr19	723831	726136	1	1	0	9	0	56
chr19	724462	726136	1	1	0	2	0	53
chr19	726189	727009	1	1	0	1	0	28
chr19	726190	727007	0	0	1	366	0	57
chr19	727088	727562	1	1	0	478	0	75
chr19	727694	731093	1	1	0	3	0	35
chr19	727695	731094	0	0	1	555	0	75
chr19	731245	734171	1	1	0	363	1	61
chr19	734194	736017	1	1	0	370	0	26
chr19	734194	746283	1	1	0	1	0	22
chr19	735452	735528	1	1	0	0	1	26
chr19	735452	735605	1	1	0	0	2	54
chr19	735452	735682	1	1	0	0	1	26
chr19	735452	735759	1	1	0	0	2	54
chr19	735452	735836	1	1	0	0	1	26
chr19	736078	740350	1	1	0	155	1	62
chr19	736078	746283	1	1	0	171	0	62
chr19	740483	746283	1	1	0	98	1	75
chr19	795521	796084	2	2	0	1	0	69
chr19	797505	799411	1	1	0	4	0	31
chr19	798545	799411	1	1	0	4	0	31
chr19	799443	803559	1	1	0	14	0	52
chr19	803636	804034	1	1	0	17	0	75
chr19	804209	804291	0	0	1	40	0	75
chr19	804438	804530	1	1	0	68	0	74
chr19	804702	804827	1	1	0	37	1	73
chr19	804939	805011	1	1	0	75	4	72
chr19	805187	805490	1	1	0	0	14	65
chr19	805187	806406	1	1	0	1	0	61
chr19	805188	805491	0	0	1	26	14	72
chr19	805188	806407	0	0	1	13	0	64
chr19	805569	805830	1	1	0	1	0	28
chr19	805569	806406	1	1	0	5	14	39
chr19	805570	806407	0	0	1	7	14	63
chr19	806556	807867	1	1	0	18	0	35
chr19	806556	808358	1	1	0	1	0	15
chr19	807902	808358	1	1	0	1	0	18
chr19	807903	808359	0	0	1	25	0	75
chr19	808452	808544	1	1	0	33	0	72
chr19	808452	808633	1	1	0	1	0	75
chr19	808763	810542	0	0	1	67	0	75
chr19	810621	810693	0	0	1	60	0	75
chr19	813896	814433	0	0	1	118	0	75
chr19	814572	814691	0	0	1	3	0	52
chr19	814608	814691	0	0	1	116	0	58
chr19	814661	814884	2	2	0	1	0	46
chr19	814749	814884	2	2	0	2	0	46
chr19	814750	814885	0	0	1	72	0	58
chr19	815082	815185	0	0	1	72	0	75
chr19	815328	815665	0	0	1	60	0	73
chr19	815852	821484	0	0	1	22	0	74
chr19	821586	821914	0	0	1	15	0	68
chr19	828387	829561	0	0	1	1	0	4
chr19	843626	843891	1	1	0	1	0	20
chr19	846378	847798	0	0	1	10	0	73
chr19	855795	855957	0	0	1	1	0	50
chr19	860774	860860	0	0	1	2	0	49
chr19	861005	861697	1	1	0	7	0	50
chr19	861957	863091	0	0	1	5	0	46
chr19	868251	868414	2	2	0	1	0	39
chr19	868499	868861	2	2	0	2	8	60
chr19	868500	868862	0	0	1	42	8	74
chr19	868946	871035	2	2	0	3	7	52
chr19	868947	871036	0	0	1	25	8	72
chr19	871253	871924	2	2	0	43	0	75
chr19	872118	873447	2	2	0	2	0	12
chr19	872119	873448	0	0	1	55	0	74
chr19	873583	875243	0	0	1	58	0	75
chr19	875455	876973	0	0	1	30	0	71
chr19	877181	879936	0	0	1	29	0	65
chr19	877928	878151	2	2	0	1	0	74
chr19	877928	878473	2	2	0	0	1	26
chr19	878208	878331	2	2	0	0	1	54
chr19	878332	878473	2	2	0	0	1	26
chr19	880149	881558	0	0	1	108	0	75
chr19	881715	884902	0	0	1	105	0	75
chr19	885008	885768	2	2	0	2	0	45
chr19	885009	885769	0	0	1	112	0	74
chr19	886202	889637	0	0	1	41	0	68
chr19	886202	890136	0	0	1	2	0	73
chr19	889807	890135	2	2	0	1	0	27
chr19	889808	890136	0	0	1	111	0	72
chr19	890245	890962	0	0	1	107	0	75
chr19	891149	893084	2	2	0	1	0	49
chr19	891150	892346	0	0	1	4	0	75
chr19	891150	893085	0	0	1	42	0	71
chr19	891718	891790	2	2	0	0	1	53
chr19	891718	891977	2	2	0	0	1	53
chr19	891865	891977	2	2	0	0	1	53
chr19	897540	899438	2	2	0	81	0	60
chr19	899496	899600	0	0	1	66	0	59
chr19	899686	900059	2	2	0	2	0	26
chr19	899687	900060	0	0	1	39	0	73
chr19	900147	900828	0	0	1	47	0	74
chr19	900952	901420	2	2	0	2	0	39
chr19	900953	901421	0	0	1	81	0	75
chr19	901541	901974	2	2	0	1	0	15
chr19	901546	901974	2	2	0	52	0	70
chr19	902130	913085	2	2	0	31	0	28
chr19	902131	902241	0	0	1	8	0	61
chr19	902435	902518	0	0	1	5	0	64
chr19	919626	919873	0	0	1	2	0	38
chr19	926198	929261	0	0	1	3	0	42
chr19	929897	932417	0	0	1	2	0	66
chr19	960165	964247	0	0	1	4	0	65
chr19	964431	964831	1	1	0	7	0	69
chr19	965080	966570	1	1	0	2	0	37
chr19	966868	968403	1	1	0	6	0	75
chr19	968504	971877	0	0	1	3	0	49
chr19	983251	983961	0	0	1	1	0	60
chr19	984563	985863	1	1	0	2	0	36
chr19	984564	985864	0	0	1	39	0	75
chr19	985975	989760	1	1	0	1	0	28
chr19	985976	989761	0	0	1	22	0	59
chr19	989895	990221	1	1	0	51	1	73
chr19	990364	990850	1	1	0	24	1	75
chr19	990364	990976	1	1	0	2	0	18
chr19	990995	991079	1	1	0	30	3	66
chr19	991145	991225	1	1	0	1	5	53
chr19	991146	991226	0	0	1	21	5	65
chr19	991351	991953	1	1	0	2	4	21
chr19	991352	991954	0	0	1	40	5	74
chr19	992122	994018	0	0	1	51	2	68
chr19	994087	994210	1	1	0	52	2	72
chr19	1009387	1010729	1	3	0	1	0	63
chr19	1010895	1011094	0	0	1	166	0	75
chr19	1011095	1011365	0	0	1	2	0	65
chr19	1011131	1011364	2	2	0	1	0	36
chr19	1011136	1011364	2	2	0	4	0	41
chr19	1011194	1011364	2	2	0	14	2	57
chr19	1011195	1011365	0	0	1	199	5	75
chr19	1011498	1011577	2	2	0	5	5	60
chr19	1011499	1011578	0	0	1	160	5	73
chr19	1011612	1011739	0	0	1	67	0	57
chr19	1011663	1011739	0	0	1	108	2	57
chr19	1011797	1011889	2	2	0	167	2	71
chr19	1011991	1012063	2	2	0	3	0	24
chr19	1011992	1012064	0	0	1	91	0	75
chr19	1012188	1012461	0	0	1	188	1	75
chr19	1012573	1013239	0	0	1	321	0	75
chr19	1012626	1013238	2	2	0	1	0	30
chr19	1013340	1014190	0	0	1	203	0	72
chr19	1013358	1014190	0	0	1	7	0	72
chr19	1013398	1014189	2	2	0	1	0	49
chr19	1014317	1020770	0	0	1	2	0	65
chr19	1014473	1020770	0	0	1	171	0	74
chr19	1026723	1031068	1	1	0	11	0	70
chr19	1031191	1032389	1	1	0	13	0	67
chr19	1032457	1032556	1	1	0	10	0	67
chr19	1032696	1036128	0	0	1	16	0	71
chr19	1036245	1036413	1	1	0	15	0	74
chr19	1036562	1037623	0	0	1	10	0	70
chr19	1041427	1041508	0	0	1	17	0	75
chr19	1041602	1042061	1	1	0	1	0	46
chr19	1041603	1041829	0	0	1	19	0	69
chr19	1041972	1042062	0	0	1	15	0	75
chr19	1042175	1042312	1	1	0	17	0	74
chr19	1042397	1042744	0	0	1	7	0	9
chr19	1042825	1043038	1	1	0	10	0	71
chr19	1043251	1043332	0	0	1	19	0	75
chr19	1043473	1043723	0	0	1	9	0	72
chr19	1043840	1044574	1	1	0	14	0	72
chr19	1044743	1044999	1	1	0	10	0	68
chr19	1045231	1046228	0	0	1	13	0	75
chr19	1046406	1046800	0	0	1	8	0	70
chr19	1047023	1047154	1	1	0	8	0	72
chr19	1047377	1047450	1	1	0	3	0	67
chr19	1047654	1048893	0	0	1	6	0	67
chr19	1049004	1049263	1	1	0	8	0	40
chr19	1049437	1050919	0	0	1	4	0	50
chr19	1051052	1051153	0	0	1	7	0	73
chr19	1051294	1051447	0	0	1	3	0	64
chr19	1051586	1051940	0	0	1	5	0	62
chr19	1052125	1052211	1	1	0	2	1	66
chr19	1052126	1052212	0	0	1	8	1	70
chr19	1052286	1053327	0	0	1	7	1	71
chr19	1053530	1053785	1	1	0	3	0	49
chr19	1053835	1054003	1	1	0	4	0	49
chr19	1054109	1054190	1	1	0	4	0	49
chr19	1054340	1054567	1	1	0	12	0	74
chr19	1054340	1054777	1	1	0	5	0	73
chr19	1054693	1054777	1	1	0	8	0	73
chr19	1054878	1055095	0	0	1	10	0	66
chr19	1055350	1055904	1	1	0	13	0	34
chr19	1055938	1056063	1	1	0	7	0	33
chr19	1055939	1056064	0	0	1	4	0	34
chr19	1056242	1056327	1	1	0	9	0	63
chr19	1056499	1056905	0	0	1	6	0	70
chr19	1057083	1057311	1	1	0	7	0	55
chr19	1057428	1057912	1	1	0	12	0	75
chr19	1058058	1058143	1	1	0	13	0	69
chr19	1058269	1058616	0	0	1	13	0	71
chr19	1058747	1058818	0	0	1	13	0	63
chr19	1058940	1059021	0	0	1	10	0	62
chr19	1059084	1061779	1	1	0	11	0	68
chr19	1061887	1062169	1	1	0	4	0	52
chr19	1062312	1063541	1	1	0	2	0	64
chr19	1063678	1063758	0	0	1	11	0	73
chr19	1063862	1064158	1	1	0	5	0	70
chr19	1064252	1064928	1	1	0	8	0	70
chr19	1065171	1065268	0	0	1	1	0	71
chr19	1067495	1068412	0	0	1	5	0	53
chr19	1068743	1073146	1	1	0	5	0	58
chr19	1073291	1073503	1	1	0	7	0	27
chr19	1073589	1073671	1	1	0	15	1	73
chr19	1073745	1073945	1	1	0	11	1	56
chr19	1074014	1074102	0	0	1	9	0	71
chr19	1074240	1074340	1	1	0	5	0	65
chr19	1074406	1074611	1	1	0	8	0	65
chr19	1074723	1074796	1	1	0	9	0	53
chr19	1074878	1077854	1	1	0	4	0	72
chr19	1078045	1079701	0	0	1	4	0	71
chr19	1079840	1079926	0	0	1	4	0	73
chr19	1080118	1080253	0	0	1	9	0	75
chr19	1080378	1080461	1	1	0	7	0	70
chr19	1080547	1080680	0	0	1	13	0	62
chr19	1080785	1080889	1	1	0	7	0	69
chr19	1081063	1081547	1	1	0	3	0	73
chr19	1081738	1081822	0	0	1	8	0	73
chr19	1081960	1082837	1	1	0	1	0	58
chr19	1083353	1084236	0	0	1	3	0	59
chr19	1084345	1085657	1	1	0	5	0	51
chr19	1088680	1089469	2	2	0	2	0	58
chr19	1088712	1089469	2	2	0	1	0	29
chr19	1088720	1089470	0	0	1	461	1	75
chr19	1089550	1089881	2	2	0	7	1	71
chr19	1089551	1089882	0	0	1	275	1	74
chr19	1089957	1090084	2	2	0	1	0	60
chr19	1089961	1090084	2	2	0	125	0	60
chr19	1090145	1090906	0	0	1	153	0	75
chr19	1090988	1091790	0	0	1	336	1	74
chr19	1091907	1093902	0	0	1	342	1	75
chr19	1091907	1095257	0	0	1	12	0	64
chr19	1094078	1095257	0	0	1	217	1	74
chr19	1104126	1105183	1	1	0	222	1	75
chr19	1104928	1105183	1	1	0	5	0	40
chr19	1105273	1105363	1	1	0	1	0	49
chr19	1105279	1105363	1	1	0	2	0	64
chr19	1105280	1105364	0	0	1	628	1	75
chr19	1105509	1105655	1	1	0	1	0	23
chr19	1105510	1105656	0	0	1	733	2	71
chr19	1105808	1106239	1	1	0	856	2	36
chr19	1105808	1106397	1	1	0	1	0	50
chr19	1105809	1106179	0	0	1	6	0	73
chr19	1106265	1106375	1	1	0	1	0	25
chr19	1106265	1106397	1	1	0	339	1	42
chr19	1106266	1106398	0	0	1	1	0	6
chr19	1106458	1106537	1	1	0	3	0	60
chr19	1106459	1106538	0	0	1	396	1	67
chr19	1106462	1106537	1	1	0	1	0	60
chr19	1108704	1108777	0	0	1	5	0	53
chr19	1108968	1109132	2	2	0	0	1	20
chr19	1108969	1109133	0	0	1	12	1	67
chr19	1109210	1109289	2	2	0	1	1	67
chr19	1109211	1109290	0	0	1	0	1	66
chr19	1109423	1109504	0	0	1	12	0	68
chr19	1109598	1109681	0	0	1	10	0	67
chr19	1109777	1110743	0	0	1	9	0	72
chr19	1110888	1111017	0	0	1	9	0	61
chr19	1111093	1111504	0	0	1	10	1	68
chr19	1111614	1111994	0	0	1	16	1	72
chr19	1112066	1112186	2	2	0	4	5	65
chr19	1112067	1112187	0	0	1	15	5	73
chr19	1112300	1112399	2	2	0	2	5	31
chr19	1112301	1112400	0	0	1	10	5	66
chr19	1112537	1112816	0	0	1	7	4	66
chr19	1112949	1113533	0	0	1	8	0	58
chr19	1113703	1114228	2	2	0	1	0	54
chr19	1113704	1114229	0	0	1	15	0	74
chr19	1114421	1116018	2	2	0	19	0	64
chr19	1116102	1116826	2	2	0	19	0	66
chr19	1116926	1117321	0	0	1	8	0	57
chr19	1117499	1119009	0	0	1	16	0	75
chr19	1119164	1119514	0	0	1	17	0	73
chr19	1119620	1119903	2	2	0	4	0	36
chr19	1119621	1119904	0	0	1	11	0	73
chr19	1120022	1122136	2	2	0	7	0	70
chr19	1122282	1122466	0	0	1	16	0	72
chr19	1122558	1122656	0	0	1	17	0	64
chr19	1122791	1122892	0	0	1	25	0	64
chr19	1123044	1123531	2	2	0	21	0	75
chr19	1123639	1123940	0	0	1	13	0	62
chr19	1124022	1127602	0	0	1	27	0	72
chr19	1127765	1147307	0	0	1	11	0	67
chr19	1147420	1149367	0	0	1	9	0	71
chr19	1149442	1154182	0	0	1	11	0	71
chr19	1154402	1174170	0	0	1	3	0	68
chr19	1159609	1159797	1	1	0	1	0	62
chr19	1170235	1173016	1	1	0	1	0	64
chr19	1170235	1174557	1	1	0	2	0	69
chr19	1173134	1174557	1	1	0	4	0	41
chr19	1207203	1218415	0	0	1	128	0	75
chr19	1216398	1218415	0	0	1	1	0	18
chr19	1218499	1219321	1	5	0	131	0	75
chr19	1219413	1220371	0	0	1	98	8	73
chr19	1220504	1220578	1	1	0	1	8	71
chr19	1220505	1220579	0	0	1	130	8	74
chr19	1220716	1221210	1	1	0	188	0	74
chr19	1221339	1221946	1	1	0	1	0	45
chr19	1221340	1221947	0	0	1	157	0	57
chr19	1222005	1222982	1	1	0	111	0	59
chr19	1223172	1223636	0	0	1	1	0	40
chr19	1223172	1226452	0	0	1	97	1	75
chr19	1223172	1226457	0	0	1	8	0	72
chr19	1226656	1227583	2	2	0	1	0	16
chr19	1226662	1227590	1	1	0	139	11	75
chr19	1230142	1231099	0	0	1	2	0	9
chr19	1231274	1233423	2	2	0	3	0	70
chr19	1231275	1233424	0	0	1	23	0	69
chr19	1233636	1234189	0	0	1	36	3	74
chr19	1234331	1234569	0	0	1	66	3	75
chr19	1234741	1234998	2	2	0	2	0	60
chr19	1234742	1234999	0	0	1	92	0	75
chr19	1235144	1235309	2	2	0	2	0	47
chr19	1235144	1235334	2	2	0	1	0	25
chr19	1235145	1235499	0	0	1	22	0	65
chr19	1235389	1235498	2	2	0	6	0	58
chr19	1235564	1235748	2	2	0	2	0	64
chr19	1235565	1235777	0	0	1	5	0	39
chr19	1235918	1235994	0	0	1	7	0	71
chr19	1236120	1238155	2	2	0	10	0	66
chr19	1236121	1237754	0	0	1	2	0	31
chr19	1237271	1239361	1	1	0	3	0	45
chr19	1239455	1241623	1	1	0	1	0	20
chr19	1241971	1242465	2	2	0	1	0	61
chr19	1241990	1242453	1	1	0	3	0	48
chr19	1241990	1242483	1	1	0	1	0	71
chr19	1241991	1242454	0	0	1	584	2	75
chr19	1242608	1244094	1	1	0	342	2	73
chr19	1244184	1244316	1	1	0	2	0	34
chr19	1244185	1244313	0	0	1	329	0	75
chr19	1244439	1244734	1	1	0	246	1	75
chr19	1248659	1249887	1	1	0	6	0	66
chr19	1250242	1250375	1	3	0	1	0	55
chr19	1250528	1251559	1	1	0	22	0	69
chr19	1250968	1251559	1	1	0	1	0	51
chr19	1251648	1251836	1	1	0	40	0	64
chr19	1251900	1253951	1	1	0	2	0	35
chr19	1251901	1254165	0	0	1	27	0	36
chr19	1253497	1254164	1	1	0	1	0	66
chr19	1254082	1254165	0	0	1	2	0	73
chr19	1254477	1254899	1	1	0	63	0	75
chr19	1254477	1254902	1	1	0	15	0	74
chr19	1255061	1255420	0	0	1	42	0	75
chr19	1255694	1256993	0	0	1	48	0	73
chr19	1259638	1270926	0	0	1	0	2	5
chr19	1261640	1270925	1	1	0	2	0	24
chr19	1262142	1264250	1	1	0	2	0	71
chr19	1262142	1270925	1	1	0	2	0	22
chr19	1264463	1270926	0	0	1	4	0	9
chr19	1266788	1270864	1	1	0	1	0	72
chr19	1267366	1270926	0	0	1	0	2	5
chr19	1268390	1269823	0	0	1	1	0	50
chr19	1269409	1270941	1	1	0	2	0	17
chr19	1269410	1270865	0	0	1	6	0	64
chr19	1269410	1270926	0	0	1	50	0	68
chr19	1269705	1270925	1	1	0	3	0	38
chr19	1271035	1271137	1	1	0	373	2	71
chr19	1271035	1271326	1	1	0	3	0	52
chr19	1271245	1271326	1	1	0	889	1	75
chr19	1271466	1271548	1	1	0	43	0	74
chr19	1271467	1271549	0	0	1	789	0	75
chr19	1271631	1271978	1	1	0	539	1	75
chr19	1272050	1272169	1	1	0	1	0	69
chr19	1272050	1272424	1	1	0	435	2	74
chr19	1272050	1273486	1	1	0	1	0	27
chr19	1272051	1274305	0	0	1	11	0	65
chr19	1272490	1272671	1	5	0	1	0	49
chr19	1274439	1277180	1	1	0	1	0	59
chr19	1274440	1274647	0	0	1	15	0	73
chr19	1275830	1277181	0	0	1	21	0	69
chr19	1276102	1277180	1	1	0	1	0	64
chr19	1276103	1277181	0	0	1	12	1	74
chr19	1277298	1278774	1	1	0	52	0	69
chr19	1286308	1295543	0	0	1	3	0	39
chr19	1295857	1298548	1	1	0	1	1	46
chr19	1298615	1299821	1	1	0	1	0	39
chr19	1323677	1324302	2	2	0	1	0	19
chr19	1355019	1356321	1	1	0	2	1	20
chr19	1355020	1356322	0	0	1	3	2	34
chr19	1355134	1356321	1	1	0	0	1	18
chr19	1355135	1356322	0	0	1	18	1	68
chr19	1356346	1357006	1	1	0	1	0	46
chr19	1356448	1357006	1	1	0	5	3	71
chr19	1356449	1357007	0	0	1	50	3	74
chr19	1357093	1358391	1	1	0	53	0	71
chr19	1358463	1360133	1	1	0	91	1	73
chr19	1358464	1358586	0	0	1	8	0	55
chr19	1358699	1360133	1	1	0	5	0	52
chr19	1361031	1362247	1	1	0	68	0	72
chr19	1362350	1364506	1	1	0	125	0	73
chr19	1364579	1366303	0	0	1	118	0	73
chr19	1366380	1367157	1	1	0	59	0	61
chr19	1367219	1369262	1	1	0	45	0	62
chr19	1368905	1368990	2	2	0	0	1	56
chr19	1368948	1368990	2	2	0	1	1	61
chr19	1369339	1369593	1	1	0	3	0	51
chr19	1369340	1369594	0	0	1	111	0	65
chr19	1369646	1370640	0	0	1	108	0	54
chr19	1371077	1371231	1	1	0	5	0	18
chr19	1371077	1373069	1	1	0	7	17	58
chr19	1371077	1376516	1	1	0	1	0	29
chr19	1371078	1373070	0	0	1	52	18	75
chr19	1371386	1373070	0	0	1	2	0	54
chr19	1373159	1373483	1	1	0	1	0	24
chr19	1373159	1373945	1	1	0	1	0	33
chr19	1373159	1376142	1	1	0	18	1	73
chr19	1373159	1376516	1	1	0	6	17	58
chr19	1373159	1376524	1	1	0	1	0	73
chr19	1373160	1376517	0	0	1	43	17	75
chr19	1378427	1758297	2	2	0	4	1	16
chr19	1383941	1387808	1	1	0	19	0	37
chr19	1384155	1386515	1	1	0	1	0	29
chr19	1384155	1387808	1	1	0	3	0	37
chr19	1387161	1388215	2	2	0	3	0	64
chr19	1387846	1388522	1	1	0	44	0	55
chr19	1388296	1389402	2	2	0	1	0	47
chr19	1388299	1388725	2	2	0	2	0	16
chr19	1388592	1388830	1	1	0	144	0	69
chr19	1388592	1390868	1	1	0	1	0	28
chr19	1388680	1388830	1	1	0	4	0	71
chr19	1388937	1390868	1	1	0	300	0	75
chr19	1390365	1390868	1	1	0	4	0	46
chr19	1391049	1391116	1	1	0	3	0	44
chr19	1391050	1391117	0	0	1	346	0	64
chr19	1391164	1393239	1	1	0	236	0	49
chr19	1393329	1394415	1	1	0	15	0	74
chr19	1393329	1395388	1	1	0	1	1	73
chr19	1393330	1395389	0	0	1	203	1	75
chr19	1395483	1396086	1	1	0	4	0	64
chr19	1395582	1443372	2	4	0	3	0	13
chr19	1397210	1397293	2	2	0	1	0	57
chr19	1397498	1398913	2	2	0	2	1	58
chr19	1397499	1398914	0	0	1	71	6	74
chr19	1399026	1399126	0	0	1	200	27	68
chr19	1399194	1399521	2	2	0	19	110	65
chr19	1399194	1399790	2	2	0	1	0	26
chr19	1399195	1399522	0	0	1	172	110	67
chr19	1399586	1399746	2	2	0	1	0	19
chr19	1399586	1399790	2	2	0	110	109	63
chr19	1399587	1399791	0	0	1	33	110	65
chr19	1399937	1401293	2	2	0	5	0	70
chr19	1399938	1401294	0	0	1	117	6	74
chr19	1401483	1401741	2	2	0	2	0	70
chr19	1407802	1417498	0	0	1	28	2	40
chr19	1408813	1417497	1	1	0	1	0	12
chr19	1417539	1418201	1	1	0	31	0	40
chr19	1418369	1418663	1	1	0	115	2	66
chr19	1418730	1421145	1	1	0	76	5	66
chr19	1418730	1421148	1	1	0	18	0	66
chr19	1421257	1422345	1	1	0	5	12	50
chr19	1421258	1422346	0	0	1	49	13	68
chr19	1422395	1425875	1	1	0	12	8	48
chr19	1422395	1428839	1	1	0	0	5	48
chr19	1422396	1425876	0	0	1	15	7	50
chr19	1422396	1428840	0	0	1	4	6	50
chr19	1425960	1428840	0	0	1	38	7	75
chr19	1428994	1429964	1	1	0	4	65	32
chr19	1428994	1430219	1	1	0	2	0	30
chr19	1428995	1429965	0	0	1	40	66	31
chr19	1429995	1430219	1	1	0	15	65	29
chr19	1429996	1430220	0	0	1	5	65	46
chr19	1430362	1432512	0	0	1	163	13	75
chr19	1432680	1434734	1	1	0	2	0	44
chr19	1432680	1434737	1	1	0	0	2	37
chr19	1432689	1434734	1	1	0	128	1	74
chr19	1432690	1434738	0	0	1	29	0	71
chr19	1433826	1434734	1	1	0	5	0	36
chr19	1433827	1434738	0	0	1	1	0	21
chr19	1435646	1442611	2	2	0	1	0	42
chr19	1438428	1438805	0	0	1	71	2	45
chr19	1438580	1438805	0	0	1	1	2	34
chr19	1438891	1440016	1	1	0	650	2	75
chr19	1438891	1440023	1	1	0	16	0	71
chr19	1439825	1440016	1	1	0	1	0	14
chr19	1440240	1440346	1	1	0	1	0	32
chr19	1440252	1440346	1	1	0	747	1	75
chr19	1446340	1452981	1	1	0	58	0	72
chr19	1450329	1452981	1	1	0	13	0	66
chr19	1450337	1452981	1	1	0	12	0	60
chr19	1450562	1452981	1	1	0	2	0	60
chr19	1452317	1452981	1	1	0	17	0	71
chr19	1452729	1452981	1	1	0	1	0	30
chr19	1453141	1453244	1	1	0	1	0	42
chr19	1453142	1453245	0	0	1	381	0	75
chr19	1453336	1453428	1	1	0	299	0	75
chr19	1453343	1453436	1	1	0	1	0	55
chr19	1453610	1455146	1	1	0	1	0	33
chr19	1453611	1455147	0	0	1	227	0	75
chr19	1455256	1455381	1	1	0	48	0	71
chr19	1455256	1455384	1	1	0	133	0	73
chr19	1455499	1456073	1	1	0	215	3	75
chr19	1456152	1456303	1	1	0	23	14	48
chr19	1456153	1456304	0	0	1	164	21	73
chr19	1456403	1456850	1	1	0	14	15	62
chr19	1456404	1456851	0	0	1	161	18	74
chr19	1457242	1457962	1	1	0	82	3	72
chr19	1458059	1460178	1	1	0	2	0	62
chr19	1458060	1460179	0	0	1	103	15	74
chr19	1460319	1460777	1	1	0	23	44	69
chr19	1460320	1460778	0	0	1	288	75	75
chr19	1460856	1461034	1	1	0	85	91	74
chr19	1460856	1461960	1	1	0	1	0	24
chr19	1460857	1461035	0	0	1	82	94	75
chr19	1461152	1461960	1	1	0	11	55	36
chr19	1461152	1462013	1	1	0	1	0	75
chr19	1461153	1461961	0	0	1	141	57	74
chr19	1461824	1478772	0	0	1	3	0	69
chr19	1462176	1465152	1	1	0	2	0	59
chr19	1462177	1465153	0	0	1	351	3	72
chr19	1475239	1478772	0	0	1	1	0	64
chr19	1475258	1478772	0	0	1	14	0	75
chr19	1478905	1479161	0	0	1	2	0	30
chr19	1482475	1482894	0	0	1	4	0	75
chr19	1483020	1483282	0	0	1	5	0	62
chr19	1483435	1483647	2	2	0	1	0	43
chr19	1483462	1483647	2	2	0	3	0	74
chr19	1483767	1483836	0	0	1	5	0	74
chr19	1483940	1484024	2	2	0	3	0	68
chr19	1484126	1486850	2	2	0	9	0	36
chr19	1487065	1487139	0	0	1	3	1	57
chr19	1487312	1487600	2	2	0	1	2	51
chr19	1487313	1487601	0	0	1	2	2	65
chr19	1487690	1487782	2	2	0	0	2	15
chr19	1487691	1487783	0	0	1	3	2	64
chr19	1487860	1487961	2	2	0	4	0	71
chr19	1488092	1488186	0	0	1	2	0	23
chr19	1488280	1489791	0	0	1	2	0	70
chr19	1489897	1490601	0	0	1	3	0	62
chr19	1491384	1495292	0	0	1	5	0	59
chr19	1495386	1495466	1	1	0	10	0	54
chr19	1495606	1496282	1	1	0	14	0	68
chr19	1495606	1496314	1	1	0	2	0	19
chr19	1496452	1496588	1	1	0	26	0	70
chr19	1496452	1497171	1	1	0	6	0	60
chr19	1496670	1497171	1	1	0	29	0	57
chr19	1506316	1506588	0	0	1	2	0	33
chr19	1507405	1507555	0	0	1	1	0	47
chr19	1508760	1510077	1	3	0	1	0	62
chr19	1510170	1525302	1	1	0	1	0	62
chr19	1510257	1510365	2	2	0	1	0	29
chr19	1510427	1510636	2	2	0	1	0	42
chr19	1510733	1510843	0	0	1	1	0	13
chr19	1517518	1525302	1	1	0	1	0	68
chr19	1525418	1525593	0	0	1	2	0	66
chr19	1525710	1526483	1	1	0	3	0	55
chr19	1526615	1526702	0	0	1	4	0	48
chr19	1526998	1527934	0	0	1	5	0	68
chr19	1528134	1528300	0	0	1	7	0	72
chr19	1528428	1528896	0	0	1	4	0	62
chr19	1529490	1529745	0	0	1	1	0	70
chr19	1529823	1531735	1	1	0	2	0	51
chr19	1531882	1533716	1	1	0	3	0	17
chr19	1531882	1533928	1	1	0	2	0	25
chr19	1533847	1533928	1	1	0	3	0	29
chr19	1534041	1535063	0	0	1	3	0	69
chr19	1555388	1555574	0	0	0	13	0	69
chr19	1556922	1557021	2	2	0	3	0	72
chr19	1556922	1559462	2	2	0	1	0	12
chr19	1556923	1567462	0	0	1	36	0	75
chr19	1578158	1578333	0	0	1	257	0	75
chr19	1578533	1581089	2	2	0	3	0	75
chr19	1578537	1582619	2	2	0	2	0	23
chr19	1578537	1584537	2	2	0	2	0	14
chr19	1578538	1581090	0	0	1	116	0	75
chr19	1581268	1582619	2	2	0	1	0	40
chr19	1581268	1584537	2	2	0	8	0	73
chr19	1581269	1582620	0	0	1	154	0	75
chr19	1582712	1583251	0	0	1	1	0	60
chr19	1582712	1584538	0	0	1	84	0	75
chr19	1583359	1584537	2	2	0	1	0	42
chr19	1583380	1584538	0	0	1	7	0	35
chr19	1584676	1585052	2	2	0	2	0	64
chr19	1584677	1585053	0	0	1	236	0	71
chr19	1585213	1591376	2	2	0	3	0	57
chr19	1585213	1591562	2	2	0	3	0	21
chr19	1585213	1597551	2	2	0	1	0	21
chr19	1585214	1592520	0	0	1	24	0	75
chr19	1585214	1592616	0	0	1	35	0	55
chr19	1598214	1599409	2	2	0	4	0	51
chr19	1598214	1605357	2	2	0	1	0	61
chr19	1598215	1599410	0	0	1	504	0	75
chr19	1599559	1605357	2	2	0	9	0	74
chr19	1599560	1605358	0	0	1	471	0	75
chr19	1610500	1611702	0	0	1	6	0	52
chr19	1611369	1611702	0	0	1	12	0	39
chr19	1611849	1612205	0	0	1	23	0	73
chr19	1611849	1615283	0	0	1	16	0	71
chr19	1612430	1615684	0	0	1	3	0	73
chr19	1612433	1615283	0	0	1	1	0	35
chr19	1612433	1615684	0	0	1	20	0	75
chr19	1615520	1615684	0	0	1	7	0	70
chr19	1615820	1619108	2	2	0	3	1	13
chr19	1615821	1619109	0	0	1	25	1	71
chr19	1619233	1619313	2	2	0	2	1	52
chr19	1619234	1619314	0	0	1	27	1	71
chr19	1619470	1619777	2	2	0	5	0	36
chr19	1619474	1619778	0	0	1	42	0	75
chr19	1619853	1620966	0	0	1	36	0	72
chr19	1621046	1621131	0	0	1	64	1	59
chr19	1621190	1621835	2	2	0	1	0	58
chr19	1621191	1621836	0	0	1	56	1	60
chr19	1621970	1622052	0	0	1	20	0	73
chr19	1622223	1622311	0	0	1	34	1	66
chr19	1622414	1623948	2	2	0	4	1	51
chr19	1622415	1623949	0	0	1	44	3	50
chr19	1624000	1625574	0	0	1	43	3	51
chr19	1625707	1627356	2	2	0	2	4	53
chr19	1625708	1627357	0	0	1	26	4	67
chr19	1627425	1632035	2	2	0	5	3	67
chr19	1627425	1646352	2	2	0	0	1	48
chr19	1627426	1632036	0	0	1	26	3	69
chr19	1627426	1646353	0	0	1	1	1	47
chr19	1627988	1628022	1	3	0	1	0	71
chr19	1630958	1632035	2	2	0	2	0	48
chr19	1632116	1632330	0	0	1	28	0	70
chr19	1632404	1646352	2	2	0	1	0	32
chr19	1632405	1646353	0	0	1	17	0	68
chr19	1635008	1646352	2	2	0	1	0	68
chr19	1646427	1650175	0	0	1	19	0	75
chr19	1650286	1652297	2	2	0	2	0	30
chr19	1650287	1652298	0	0	1	4	0	32
chr19	1785297	1785467	0	0	1	2	0	30
chr19	1785708	1787101	0	0	1	1	0	37
chr19	1800154	1800256	2	2	0	2	0	60
chr19	1808335	1809641	0	0	1	2	0	4
chr19	1809734	1810620	0	0	1	2	0	55
chr19	1810683	1811487	0	0	1	3	0	62
chr19	1816154	1816223	0	0	1	75	0	75
chr19	1816344	1816428	2	2	0	2	0	23
chr19	1816345	1816429	0	0	1	103	0	75
chr19	1816569	1816696	0	0	1	56	0	72
chr19	1816813	1817217	0	0	1	50	0	67
chr19	1817329	1817705	0	0	1	63	0	68
chr19	1817458	1817705	0	0	1	1	0	60
chr19	1817780	1818480	0	0	1	61	0	68
chr19	1818594	1818676	2	2	0	1	0	20
chr19	1818594	1818703	2	2	0	41	0	72
chr19	1818842	1819015	2	2	0	1	0	34
chr19	1818843	1819016	0	0	1	45	0	71
chr19	1819130	1819931	2	2	0	102	0	75
chr19	1820056	1820261	2	2	0	2	0	42
chr19	1820057	1820262	0	0	1	89	0	74
chr19	1820180	1820262	0	0	1	1	0	25
chr19	1820395	1821517	0	0	1	99	1	74
chr19	1821682	1823570	0	0	1	97	0	75
chr19	1823784	1825836	2	2	0	3	0	15
chr19	1823785	1825837	0	0	1	14	0	52
chr19	1825943	1826876	0	0	1	49	0	75
chr19	1828630	1863038	2	2	0	2	0	24
chr19	1828631	1848200	0	0	1	10	0	45
chr19	1854759	1854981	2	2	0	1	0	66
chr19	1854759	1855250	2	2	0	2	0	22
chr19	1854759	1861379	2	2	0	2	0	75
chr19	1854759	1863038	2	2	0	3	0	72
chr19	1854760	1863039	0	0	1	169	0	75
chr19	1875758	1876107	2	2	0	1	0	38
chr19	1877424	1877505	2	2	0	243	12	75
chr19	1877647	1879919	0	0	1	3	0	62
chr19	1877687	1878662	0	0	1	4	0	64
chr19	1877687	1879919	0	0	1	173	4	72
chr19	1878904	1879919	0	0	1	1	0	61
chr19	1880061	1881233	0	0	1	1	0	49
chr19	1880114	1881232	2	2	0	7	0	71
chr19	1880115	1880894	0	0	1	0	1	4
chr19	1880115	1881233	0	0	1	600	7	75
chr19	1881048	1881233	0	0	1	1	0	53
chr19	1881804	1885350	0	0	1	37	0	51
chr19	1905438	1917691	1	1	0	2	0	56
chr19	1905439	1914977	0	0	1	4	0	47
chr19	1908634	1917691	1	1	0	1	0	63
chr19	1908635	1911888	0	0	1	1	0	24
chr19	1908635	1914977	0	0	1	2	0	47
chr19	1915025	1917691	1	1	0	12	0	47
chr19	1917821	1918124	1	1	0	76	0	75
chr19	1918282	1918886	1	1	0	54	0	74
chr19	1918989	1920645	1	1	0	1	0	56
chr19	1918989	1923067	1	1	0	65	0	75
chr19	1920850	1923067	1	1	0	1	0	52
chr19	1923187	1924106	0	0	1	70	0	74
chr19	1925911	1925911	0	0	1	12	0	70
chr19	1941417	1969505	1	1	0	13	0	65
chr19	1945793	1993017	2	2	0	0	1	19
chr19	1959588	1959625	2	2	0	1	0	53
chr19	1959626	1959777	2	2	0	2	0	38
chr19	1959731	1959768	2	2	0	0	2	45
chr19	1959816	1959853	2	2	0	2	0	33
chr19	1968016	1968177	1	1	0	0	1	48
chr19	1968131	1968177	1	1	0	0	1	48
chr19	1968904	1969505	1	1	0	2	0	61
chr19	1969758	1978302	1	1	0	1	0	23
chr19	1969958	1975106	1	1	0	7	0	70
chr19	1969958	1978302	1	1	0	12	42	42
chr19	1969958	1978307	1	1	0	1	0	37
chr19	1969958	1978439	1	1	0	1	0	39
chr19	1969959	1978303	0	0	1	38	42	41
chr19	1970088	1978302	1	1	0	2	0	42
chr19	1976113	1978302	1	1	0	10	0	42
chr19	1978344	1978439	1	1	0	7	42	40
chr19	1978345	1978440	0	0	1	58	42	44
chr19	1978510	1978599	1	1	0	103	9	70
chr19	1978749	1978856	1	1	0	128	4	74
chr19	1979092	1979160	1	1	0	180	4	75
chr19	1979248	1979317	0	0	1	145	0	75
chr19	1979402	1979492	1	1	0	81	0	74
chr19	1979617	1979749	1	1	0	5	0	55
chr19	1979642	1979749	1	1	0	127	0	75
chr19	1979642	1979908	1	1	0	1	0	75
chr19	1979835	1979909	0	0	1	166	1	75
chr19	1980016	1980146	1	1	0	185	1	75
chr19	1981480	1981714	1	1	0	1	0	22
chr19	1986402	1986564	1	1	0	2	0	40
chr19	1986648	1986827	2	2	0	5	0	67
chr19	1986649	1986828	0	0	1	377	5	75
chr19	1986976	1987164	0	0	1	287	1	75
chr19	1987252	1987497	2	2	0	8	0	65
chr19	1987253	1987498	0	0	1	289	0	75
chr19	1987691	1990001	2	2	0	1	0	36
chr19	1987692	1990002	0	0	1	231	1	75
chr19	1990201	1990715	0	0	1	390	4	75
chr19	1990821	1991874	2	2	0	18	0	71
chr19	1990821	1993017	2	2	0	7	0	70
chr19	1990822	1993018	0	0	1	292	3	75
chr19	1992018	2017055	1	1	0	1	0	40
chr19	1992055	1993017	2	2	0	11	0	69
chr19	1993175	1997341	2	2	0	319	6	75
chr19	1997462	2013544	2	2	0	4	0	73
chr19	1997462	2015294	2	2	0	1	0	37
chr19	1997462	2015359	2	2	0	2	0	59
chr19	1997463	2015295	0	0	1	180	0	73
chr19	2013717	2015294	2	2	0	1	0	30
