3656
60104	60161	2	0	0
60104	60161	2	0	1
60520	60746	2	0	0
60950	61893	2	0	2
62114	66498	2	0	3
63820	64212	2	0	4
65057	65225	2	0	5
65821	66046	2	0	7
65821	66132	2	0	6
66319	66491	2	0	8
66345	66381	2	0	5
66345	66415	2	0	6
66345	66498	2	0	0
66345	66498	2	0	1
66345	66498	2	0	2
66345	66498	2	0	4
66345	66498	2	0	7
66345	66498	2	0	9
66345	66498	2	0	10
66345	66498	2	0	11
70651	71625	2	0	12
70927	70943	2	0	3
70927	70944	2	0	7
70927	70950	2	0	0
70927	70950	2	0	1
70927	70950	2	0	4
70927	70965	2	0	2
70927	71534	2	0	9
70927	71606	2	0	11
71160	71645	1	1	13
71430	71567	2	0	10
71785	72273	1	1	14
71972	72109	1	1	15
72170	72273	1	1	13
72584	72717	1	1	13
72584	72718	1	1	14
76219	76782	2	2	16
76788	77089	2	2	17
76885	77089	2	2	16
77329	77658	2	2	17
77329	77689	2	2	16
94061	94955	1	3	18
94658	94676	1	3	19
96404	96510	1	3	19
104534	105470	1	4	20
107470	107554	1	5	21
110624	111695	1	5	21
110678	111595	1	5	22
145484	145811	1	6	23
156278	157214	2	7	24
159360	159631	2	8	25
169803	169835	2	8	25
174558	174664	2	8	25
176906	177912	1	9	26
182672	182784	2	10	27
191119	191353	2	10	27
193235	195016	1	11	28
195031	195145	2	10	27
195062	196049	1	11	28
195493	195715	2	10	27
195903	195950	2	10	27
196658	196755	2	10	27
197074	198546	2	12	29
197306	197717	2	12	30
197954	198332	1	13	31
198051	198233	1	13	32
198692	199031	2	12	29
199174	199430	2	12	29
200459	201661	2	14	33
200577	200774	1	13	32
204839	205073	2	14	33
223157	223260	2	15	34
229639	229708	2	16	35
230083	230164	2	16	35
239144	239246	2	17	36
259259	259345	2	18	37
279494	280169	1	19	38
281039	281536	2	20	39
281344	281536	2	20	40
281387	281536	2	20	41
281990	282309	2	20	42
282133	282309	2	20	39
282133	282309	2	20	40
282133	282309	2	20	41
282751	282808	2	20	39
282751	282808	2	20	40
282751	282808	2	20	41
282751	282808	2	20	42
287160	287750	2	20	43
287473	287635	2	20	42
287473	287750	2	20	39
287473	287750	2	20	40
287473	287750	2	20	41
287473	287750	2	20	44
288019	288170	2	20	39
288019	288170	2	20	40
288019	288170	2	20	41
288019	288188	2	20	44
288019	288529	2	20	43
290951	291169	2	20	41
291284	291381	2	20	44
291284	291385	2	20	39
291325	291392	2	20	40
305572	305702	1	21	45
305574	306710	2	22	46
306056	306466	1	21	45
307118	307535	2	22	46
308576	308664	2	22	46
308800	308924	2	22	46
311844	311938	2	22	46
312190	312271	2	22	46
313491	313642	2	22	46
325634	325703	2	22	46
326506	326597	2	22	46
326651	327255	2	22	47
327132	327255	2	22	46
327863	327988	2	22	46
327863	327988	2	22	47
327863	327988	2	22	48
330263	330379	2	22	48
334114	334541	2	22	49
334399	334541	2	22	46
334399	334541	2	22	47
334399	334541	2	22	48
336082	336172	2	22	46
336082	336172	2	22	47
336082	336172	2	22	48
340513	340598	2	22	48
344773	344777	2	22	47
344773	344792	2	22	46
344773	344797	2	22	49
361749	362425	2	23	50
362056	362425	2	23	51
362199	362425	2	23	52
367064	367223	2	23	50
367064	367223	2	23	51
367064	367223	2	23	52
367201	367223	2	23	53
371204	371321	2	23	51
371204	371321	2	23	52
371204	371321	2	23	53
372630	372699	2	23	51
372630	372699	2	23	52
372630	372699	2	23	53
373469	373530	2	23	51
373469	373530	2	23	52
373469	373530	2	23	53
373939	374010	2	23	51
373939	374248	2	23	53
374298	374420	2	23	51
374298	374420	2	23	52
374298	374619	2	23	50
375662	375969	2	23	52
375662	376012	2	23	51
397588	397632	1	24	54
398689	398940	1	24	54
405437	408400	2	25	55
409005	409138	2	25	55
416582	417321	2	26	56
416582	417321	2	26	57
416582	417321	2	26	58
416608	417321	2	26	59
417199	417321	2	26	60
418922	419055	2	26	57
418922	419055	2	26	58
418922	419055	2	26	59
418922	419055	2	26	60
418922	419878	2	26	56
422145	422378	2	26	60
422145	422455	2	26	58
422145	422455	2	26	59
422145	422827	2	26	57
425096	425230	2	26	58
425096	425230	2	26	59
430683	430746	2	26	58
430683	430746	2	26	59
430683	430746	2	26	60
434701	434864	2	26	61
434708	434864	2	26	58
434708	434864	2	26	59
434708	434864	2	26	60
435770	435960	2	26	62
435770	435960	2	26	63
436164	436257	2	26	60
436164	436290	2	26	58
436164	436290	2	26	59
436164	436290	2	26	61
436164	436290	2	26	62
436164	436290	2	26	63
436379	436430	2	26	58
436379	436430	2	26	61
436379	436430	2	26	63
436379	436533	2	26	62
436379	436682	2	26	59
436629	436682	2	26	58
436629	436682	2	26	61
436629	436682	2	26	63
438717	438836	2	26	58
438717	438836	2	26	59
438717	438836	2	26	61
438717	438836	2	26	63
438969	439029	2	26	58
438969	439029	2	26	59
438969	439029	2	26	61
438969	439029	2	26	63
439232	439490	2	26	61
440861	440931	2	26	58
440861	440931	2	26	61
440861	441383	2	26	59
453133	453244	1	27	64
460528	460570	2	26	61
460528	460995	2	26	58
463345	464363	2	28	65
463466	464363	2	28	66
464145	464363	2	28	67
467648	467761	2	28	65
467648	467761	2	28	66
467648	467761	2	28	67
472393	472500	2	28	65
472393	472630	2	28	67
474620	474879	2	28	66
474620	474982	2	28	65
489175	490038	1	29	68
490045	490352	2	30	72
496453	496550	1	29	69
496453	496550	1	29	70
496499	496550	1	29	71
497832	498116	1	29	69
497832	498116	1	29	70
498495	498824	1	29	69
498495	498824	1	29	70
498495	498824	1	29	71
501540	501623	2	30	72
501668	501928	1	29	68
501668	501928	1	29	70
504744	504964	1	29	71
504744	505341	1	29	68
504744	505346	1	29	69
504744	505346	1	29	70
507298	507843	1	31	73
507375	507812	2	30	72
507499	510371	1	31	74
518888	519653	1	31	73
531713	532107	1	32	75
531768	532107	1	32	76
532059	532107	1	32	77
535836	535922	1	32	75
535836	535922	1	32	76
535836	535922	1	32	77
535836	535922	1	32	78
535836	535922	1	32	79
536242	536277	1	32	78
536242	536339	1	32	75
536242	536339	1	32	77
536242	536339	1	32	79
536242	536714	1	32	76
536950	537146	1	32	80
536993	537146	1	32	81
537009	537146	1	32	82
537012	537146	1	32	75
537012	537146	1	32	77
537012	537146	1	32	79
538677	538767	1	32	82
538931	539031	1	32	82
541183	541251	1	32	81
541218	541251	1	32	83
541338	541425	1	32	81
541338	541584	1	32	83
541338	542085	1	32	80
541338	542091	1	32	75
541342	541584	1	32	77
541345	541584	1	32	79
541360	541584	1	32	78
541813	542096	1	32	81
544033	544125	1	33	84
544033	544125	1	33	85
547279	547435	1	33	85
547283	547435	1	33	84
548541	548676	1	33	84
548541	548676	1	33	85
548921	549184	1	33	84
548921	549184	1	33	85
549629	549730	1	33	84
549629	549918	1	33	85
567211	567623	2	34	86
567228	567647	2	34	87
567310	567623	2	34	88
567409	567623	2	34	89
571296	571578	1	35	90
571304	571578	1	35	91
571439	571595	2	34	87
571439	571595	2	34	88
571439	571595	2	34	89
571439	571744	2	34	86
571696	571733	2	34	88
571696	571735	2	34	87
572108	572214	2	34	89
572564	572700	1	35	92
572571	572700	1	35	93
572571	572700	1	35	94
572577	572700	1	35	95
572595	572700	1	35	96
572595	572700	1	35	97
575046	575139	1	35	98
575051	575139	1	35	99
575220	575385	1	35	100
577773	578120	1	35	92
577773	578120	1	35	99
577773	578211	1	35	96
578847	579655	1	35	101
579499	579628	1	35	99
579499	579655	1	35	91
579499	579655	1	35	92
579499	579655	1	35	95
579499	579655	1	35	97
579499	579655	1	35	98
579499	579655	1	35	100
579499	579978	1	35	93
579523	579655	1	35	94
580378	580460	1	35	90
580378	580460	1	35	91
580378	580460	1	35	92
580378	580460	1	35	94
580378	580460	1	35	95
580378	580460	1	35	98
580378	580460	1	35	100
580378	580460	1	35	101
580378	580694	1	35	97
580645	580774	1	35	100
580645	580781	1	35	90
580645	580781	1	35	91
580645	580781	1	35	92
580645	580781	1	35	94
580645	580781	1	35	95
580645	580781	1	35	98
580645	580781	1	35	101
581314	581375	1	35	94
581314	581401	1	35	98
581314	581590	1	35	90
581314	581590	1	35	91
581314	581590	1	35	92
581314	581590	1	35	95
581314	581590	1	35	101
582305	582329	1	35	90
582305	582329	1	35	91
582305	582329	1	35	92
582305	582329	1	35	95
582305	582329	1	35	101
582513	582581	1	35	90
582513	582581	1	35	91
582513	582581	1	35	92
582513	582581	1	35	95
582513	582581	1	35	101
582749	583489	1	35	92
582749	583491	1	35	101
582749	583492	1	35	90
582749	583492	1	35	91
582749	583492	1	35	95
589892	590576	1	36	102
590276	591602	2	37	103
603543	603966	1	36	102
605060	605221	1	36	102
607963	608181	1	36	102
610258	610404	1	36	102
613247	613487	1	36	102
613851	614015	1	36	102
615794	617158	1	36	102
615885	615939	2	38	104
616708	617158	2	38	104
617222	617322	2	39	105
617223	617322	2	39	106
617226	617322	2	39	107
617268	617322	2	39	108
617277	617322	2	39	109
617418	617479	2	39	105
617418	617479	2	39	106
617418	617479	2	39	107
617418	617479	2	39	108
617418	617479	2	39	109
617569	617654	2	39	105
617569	617654	2	39	106
617569	617654	2	39	109
617569	617801	2	39	108
617569	618585	2	39	107
617776	617848	2	39	105
617776	617869	2	39	109
617776	617987	2	39	106
618487	618585	2	39	105
618487	618585	2	39	109
618704	618745	2	39	109
618704	618750	2	39	107
618704	618759	2	39	105
618996	619109	2	39	105
619209	619295	2	39	105
619585	619764	2	39	105
619957	620079	2	39	105
620364	620486	2	39	105
621057	621845	2	39	105
621599	621845	2	39	110
622148	622372	2	39	105
622148	622372	2	39	110
622534	622751	2	39	111
622581	622751	2	39	105
622581	622751	2	39	110
622820	622984	2	39	105
622820	622984	2	39	110
622820	622984	2	39	111
623453	623602	2	39	105
623453	623602	2	39	110
623453	623602	2	39	111
623460	623602	2	39	112
623518	623981	1	40	116
624718	624904	2	39	105
624718	624904	2	39	111
624718	624904	2	39	112
624718	625085	2	39	110
624724	624904	2	39	113
625123	625211	2	39	112
625123	625253	2	39	105
625123	625253	2	39	111
625123	625508	2	39	113
629539	630167	2	39	105
629539	630167	2	39	112
630098	630167	2	39	114
630628	630938	2	39	115
632739	632937	2	39	115
632833	632937	2	39	105
632833	632937	2	39	114
633199	633524	2	39	114
633424	633503	2	39	115
633424	633596	2	39	105
637104	637536	2	41	117
639878	641589	1	42	118
639894	640138	1	42	119
639894	640138	1	42	120
641177	641267	1	42	121
643234	643337	1	42	119
643234	643337	1	42	120
643234	643337	1	42	121
643409	643702	1	42	120
643409	643702	1	42	121
643432	643702	1	42	119
647525	648276	2	43	122
647529	648276	2	43	123
647809	648276	2	43	124
648098	648276	2	43	125
648371	648486	2	43	122
648371	648486	2	43	123
648371	648486	2	43	124
648371	648486	2	43	125
648881	648974	2	43	122
648881	648974	2	43	124
648881	649118	2	43	125
648881	649747	2	43	123
648933	648974	2	43	126
649678	649747	2	43	122
649678	649747	2	43	124
649678	649747	2	43	126
649678	649747	2	43	127
649678	649747	2	43	128
650233	650295	2	43	122
650233	650295	2	43	124
650233	650295	2	43	126
650233	650295	2	43	127
650233	650295	2	43	128
650233	650593	2	43	123
651384	651854	2	43	129
651609	651809	2	43	132
651609	651821	2	43	131
651609	651854	2	43	130
651610	651783	2	43	127
651610	651854	2	43	122
651610	651914	2	43	126
651610	651916	2	43	124
651691	651854	2	43	128
652232	652295	2	43	122
652232	652295	2	43	126
652232	652295	2	43	127
652232	652295	2	43	128
652232	652295	2	43	129
652232	652295	2	43	130
652232	652295	2	43	131
652232	652295	2	43	132
652357	652883	2	43	133
652825	652883	2	43	122
652825	652883	2	43	126
652825	652883	2	43	127
652825	652883	2	43	128
652825	652883	2	43	129
652825	652883	2	43	130
652825	652883	2	43	131
652825	652883	2	43	132
661355	661401	2	43	127
662711	662889	2	43	130
663046	663160	2	43	131
663046	663162	2	43	133
663046	663183	2	43	129
663046	663193	2	43	126
663046	663197	2	43	132
663046	663232	2	43	128
663046	663276	2	43	122
663481	664510	1	44	134
667211	668062	1	44	134
676391	676525	1	45	135
676396	676525	1	45	136
677791	677976	1	45	135
677941	677976	1	45	137
678060	678082	1	45	138
679907	680332	1	45	136
680033	680488	1	45	139
680273	680488	1	45	135
680273	680488	1	45	137
680273	680488	1	45	138
680714	680773	1	45	140
680714	680878	1	45	141
680750	680811	1	45	143
680750	680878	1	45	142
681332	681559	1	45	135
681332	681559	1	45	137
681332	681559	1	45	138
681332	681559	1	45	140
681332	681559	1	45	141
681332	681559	1	45	143
681332	681755	1	45	139
681332	681770	1	45	142
681649	681672	1	45	137
681649	681793	1	45	138
681649	681808	1	45	143
681649	681942	1	45	140
681649	682204	1	45	141
681649	683384	1	45	135
681775	682053	1	45	137
685520	685921	2	46	144
686924	687187	2	46	144
690380	691174	1	47	145
691857	692001	2	46	144
694813	694969	2	46	144
695351	695459	2	46	144
708952	709150	1	48	146
708974	709150	1	48	147
709096	709150	1	48	148
709100	709150	1	48	149
719077	719656	1	48	150
722503	722906	1	48	151
726137	726172	1	48	150
726137	726188	1	48	146
726137	726188	1	48	147
726137	726188	1	48	148
726137	726188	1	48	149
726137	726188	1	48	151
726137	726188	1	48	152
727007	727087	1	48	146
727007	727087	1	48	148
727007	727087	1	48	149
727007	727087	1	48	151
727007	727087	1	48	152
727007	727389	1	48	147
727563	727693	1	48	146
727563	727693	1	48	148
727563	727693	1	48	149
727563	727693	1	48	152
727785	727863	1	48	153
731094	731244	1	48	146
731094	731244	1	48	148
731094	731244	1	48	149
731094	731244	1	48	152
731094	731244	1	48	153
734172	734193	1	48	146
734172	734193	1	48	149
734172	734193	1	48	152
734172	734193	1	48	153
734172	735047	1	48	148
735029	735063	1	48	154
735032	735063	1	48	155
735054	735109	1	48	156
736018	736077	1	48	146
736018	736077	1	48	149
736018	736077	1	48	153
736018	736077	1	48	154
736018	736077	1	48	155
736018	736077	1	48	156
736018	736138	1	48	152
740351	740482	1	48	149
740351	740482	1	48	153
740351	740482	1	48	154
740351	740482	1	48	156
746284	746608	1	48	156
746284	746770	1	48	154
746284	746770	1	48	155
746284	747297	1	48	153
746284	748327	1	48	146
746284	748328	1	48	149
751125	751170	1	49	157
756889	758725	1	49	157
759908	760038	1	49	157
761624	761662	1	49	157
763500	764318	1	49	157
781001	781861	2	50	158
782754	783329	1	51	159
782795	783329	1	51	160
784786	785079	1	51	160
784814	784947	1	51	159
786649	787036	1	52	161
797074	797504	1	53	162
797391	797504	1	53	163
797424	797504	1	53	164
797424	797504	1	53	165
797426	797504	1	53	166
797427	797504	1	53	167
797431	797504	1	53	168
797451	797504	1	53	169
797461	797504	1	53	170
797485	797504	1	53	171
798427	798544	1	53	172
799412	799442	1	53	162
799412	799442	1	53	163
799412	799442	1	53	164
799412	799442	1	53	165
799412	799442	1	53	167
799412	799442	1	53	168
799412	799442	1	53	169
799412	799442	1	53	170
799412	799442	1	53	171
799412	799442	1	53	172
803560	803635	1	53	162
803560	803635	1	53	164
803560	803635	1	53	165
803560	803635	1	53	166
803560	803635	1	53	167
803560	803635	1	53	168
803560	803635	1	53	169
803560	803635	1	53	170
803560	803635	1	53	172
803574	803635	1	53	173
804035	804082	1	53	172
804035	804207	1	53	162
804035	804207	1	53	165
804035	804207	1	53	166
804035	804207	1	53	167
804035	804207	1	53	168
804035	804207	1	53	169
804035	804207	1	53	170
804035	804437	1	53	164
804035	804701	1	53	173
804291	804437	1	53	162
804291	804437	1	53	165
804291	804437	1	53	166
804291	804437	1	53	167
804291	804437	1	53	169
804291	804437	1	53	170
804291	804701	1	53	168
804531	804581	1	53	164
804531	804701	1	53	162
804531	804701	1	53	165
804531	804701	1	53	166
804531	804701	1	53	167
804531	804701	1	53	169
804540	804701	1	53	170
804622	804701	1	53	174
804828	804938	1	53	162
804828	804938	1	53	165
804828	804938	1	53	166
804828	804938	1	53	167
804828	804938	1	53	169
804828	804938	1	53	170
804828	804938	1	53	173
804828	804938	1	53	174
804857	805186	1	53	175
804917	804938	1	53	176
804939	805000	1	54	182
805012	805140	1	53	173
805012	805186	1	53	162
805012	805186	1	53	165
805012	805186	1	53	169
805012	805186	1	53	174
805012	805186	1	53	176
805012	807901	1	53	167
805118	805186	1	53	177
805491	805568	1	53	162
805491	805568	1	53	174
805491	806035	1	53	176
805507	805568	1	53	178
805512	805568	1	53	169
805512	806044	1	53	177
806407	806555	1	53	162
806407	806555	1	53	165
806407	806555	1	53	169
806407	806555	1	53	174
806407	806659	1	53	175
806407	807027	1	53	178
807569	807901	1	53	179
807858	808451	1	53	180
807868	807901	1	53	162
807868	807901	1	53	163
807868	807901	1	53	165
807868	807901	1	53	169
808284	808451	1	53	181
808359	808451	1	53	162
808359	808451	1	53	163
808359	808451	1	53	165
808359	808451	1	53	167
808359	808451	1	53	169
808359	808451	1	53	179
808359	808761	1	53	171
808379	808451	1	53	174
808545	808645	1	53	174
808545	808666	1	53	180
808545	808732	1	53	179
808545	808761	1	53	162
808545	808761	1	53	163
808545	808761	1	53	165
808545	808761	1	53	167
808545	808761	1	53	169
808545	808761	1	53	181
810542	810619	1	53	162
810542	810619	1	53	163
810542	810619	1	53	165
810542	810619	1	53	167
810542	810619	1	53	169
810542	810619	1	53	181
810693	811020	1	53	181
810693	811288	1	53	167
810693	812319	1	53	162
810693	812319	1	53	165
810693	812319	1	53	169
810693	812326	1	53	163
812517	813894	2	55	183
812517	813894	2	55	184
813583	813652	1	56	187
813757	813894	2	55	185
814433	814570	2	55	185
814433	814606	2	55	184
814433	814748	2	55	183
814691	814748	2	55	184
814691	814748	2	55	185
814885	815080	2	55	183
814885	815080	2	55	184
815185	815326	2	55	183
815185	815326	2	55	184
815185	815326	2	55	186
815665	815850	2	55	183
815665	815850	2	55	184
815665	815850	2	55	186
821484	821584	2	55	183
821484	821584	2	55	184
821484	821966	2	55	186
821914	821951	2	55	183
821914	821966	2	55	184
825096	825196	1	57	188
827825	827903	1	57	189
828229	828385	1	57	188
828229	828385	1	57	189
829561	829705	1	57	188
829561	829705	1	57	189
830707	830940	1	57	189
830707	832016	1	57	188
831715	832016	1	57	189
840962	841068	1	58	190
843340	843625	1	58	191
843460	843625	1	58	190
843892	844033	1	58	190
843892	844033	1	58	191
846146	846376	1	58	190
846146	846376	1	58	191
847798	848174	1	58	190
847798	848174	1	58	191
851013	851033	1	59	192
852208	852394	1	59	192
852290	852394	1	59	193
852875	853031	1	59	192
852875	853031	1	59	193
853261	853402	1	59	192
853261	853402	1	59	193
855563	855793	1	59	192
855563	855793	1	59	193
855957	856241	1	59	192
855957	856241	1	59	193
859452	859743	1	60	194
859689	859764	1	60	195
860616	860772	1	60	194
860616	860772	1	60	195
860860	861004	1	60	194
860860	861004	1	60	195
861698	861955	1	60	194
861698	861955	1	60	195
863091	863237	1	60	195
863091	863452	1	60	194
867961	868498	2	61	196
867962	868250	2	61	198
867962	868498	2	61	197
867962	868498	2	61	199
867962	868498	2	61	200
867963	868250	2	61	201
867963	868498	2	61	202
868415	868498	2	61	198
868415	868498	2	61	201
868862	868945	2	61	196
868862	868945	2	61	197
868862	868945	2	61	198
868862	868945	2	61	199
868862	868945	2	61	200
868862	868945	2	61	201
868862	868945	2	61	202
871036	871252	2	61	196
871036	871252	2	61	197
871036	871252	2	61	198
871036	871252	2	61	199
871036	871252	2	61	200
871036	871252	2	61	201
871036	871252	2	61	202
871605	871661	2	61	200
871925	872117	2	61	196
871925	872117	2	61	198
871925	872117	2	61	199
871925	872117	2	61	200
871925	872117	2	61	201
872912	873008	2	61	199
873448	873581	2	61	196
873448	873581	2	61	197
873448	873581	2	61	198
873448	873581	2	61	199
873448	873581	2	61	200
873448	873581	2	61	201
873448	873581	2	61	202
873535	873581	2	61	203
873535	873581	2	61	204
873535	873581	2	61	205
875243	875343	2	61	203
875243	875453	2	61	196
875243	875453	2	61	197
875243	875453	2	61	198
875243	875453	2	61	199
875243	875453	2	61	200
875243	875453	2	61	201
875243	875453	2	61	202
875243	875453	2	61	204
875243	875453	2	61	205
876973	877179	2	61	196
876973	877179	2	61	197
876973	877179	2	61	198
876973	877179	2	61	199
876973	877179	2	61	200
876973	877179	2	61	201
876973	877179	2	61	202
876973	877179	2	61	205
879936	880147	2	61	196
879936	880147	2	61	197
879936	880147	2	61	198
879936	880147	2	61	199
879936	880147	2	61	200
879936	880147	2	61	201
879936	880147	2	61	202
879936	880147	2	61	204
879936	880147	2	61	205
881558	881713	2	61	196
881558	881713	2	61	197
881558	881713	2	61	198
881558	881713	2	61	199
881558	881713	2	61	200
881558	881713	2	61	201
881558	881713	2	61	202
881558	881713	2	61	204
881558	881713	2	61	205
884902	885007	2	61	196
884902	885007	2	61	197
884902	885007	2	61	198
884902	885007	2	61	199
884902	885007	2	61	200
884902	885007	2	61	201
884902	885007	2	61	202
884902	885007	2	61	204
884902	885007	2	61	205
885769	885908	2	61	197
885769	886200	2	61	196
885769	886200	2	61	198
885769	886200	2	61	199
885769	886200	2	61	200
885769	886200	2	61	201
885769	886200	2	61	202
885769	886200	2	61	204
885821	886200	2	61	206
889637	889806	2	61	196
889637	889806	2	61	198
889637	889806	2	61	199
889637	889806	2	61	200
889637	889806	2	61	201
889637	889806	2	61	202
889637	889806	2	61	204
889637	889806	2	61	205
890136	890243	2	61	196
890136	890243	2	61	198
890136	890243	2	61	199
890136	890243	2	61	200
890136	890243	2	61	201
890136	890243	2	61	202
890136	890243	2	61	204
890136	890243	2	61	205
890136	890422	2	61	206
890962	891130	2	61	198
890962	891147	2	61	204
890962	891147	2	61	205
890962	891148	2	61	196
890962	891148	2	61	199
890962	891148	2	61	200
890962	891148	2	61	201
890962	891148	2	61	202
890962	891148	2	61	206
890983	891148	2	61	207
891103	891147	2	61	203
892346	892814	2	61	207
893085	893157	2	61	206
893085	893199	2	61	202
893085	893215	2	61	199
893085	893217	2	61	196
893085	893217	2	61	200
893085	893217	2	61	201
893483	893589	1	62	208
896502	897539	2	63	209
896527	897539	2	63	210
896553	897539	2	63	211
899439	899494	2	63	209
899439	899494	2	63	210
899439	899494	2	63	211
899600	899685	2	63	209
899600	899685	2	63	210
899600	899685	2	63	211
899643	899685	2	63	212
900060	900145	2	63	209
900060	900145	2	63	210
900060	900145	2	63	211
900060	900145	2	63	212
900075	900145	2	63	213
900819	900951	2	63	214
900822	900951	2	63	215
900828	900951	2	63	209
900828	900951	2	63	210
900828	900951	2	63	211
900828	900951	2	63	213
900828	901235	2	63	212
901419	901545	2	63	213
901421	901545	2	63	209
901421	901545	2	63	211
901421	901545	2	63	214
901421	901545	2	63	215
901490	902129	2	63	216
901975	902066	2	63	211
901975	902129	2	63	209
901975	902129	2	63	210
901975	902129	2	63	214
901975	902129	2	63	215
901975	902433	2	63	213
902241	902433	2	63	214
902241	902433	2	63	215
902518	902626	2	63	213
902518	902626	2	63	215
913086	913150	2	63	216
913086	913203	2	63	214
913086	913203	2	63	215
913086	913209	2	63	213
913086	913218	2	63	210
913086	913230	2	63	209
913086	913239	2	63	211
917286	917745	1	64	217
917349	917745	1	64	218
917502	917745	1	64	219
918543	918667	1	64	218
918543	918667	1	64	219
919489	919535	1	64	217
919489	919624	1	64	218
919489	919624	1	64	219
919873	920105	1	64	218
920289	920709	1	64	219
920289	921014	1	64	218
925780	925919	1	65	220
925999	926058	1	65	221
926061	926196	1	65	222
928256	928487	2	66	228
928677	929144	1	65	223
928719	928816	2	66	228
929261	929362	1	65	223
929261	929497	1	65	220
929261	929507	1	65	222
929261	929895	1	65	221
932417	932741	1	65	221
932508	932741	1	65	224
959166	959435	1	65	225
960091	960163	1	65	221
960091	960163	1	65	224
960091	960163	1	65	225
964247	964430	1	65	221
964247	964430	1	65	224
964247	964430	1	65	225
964832	965079	1	65	221
964832	965079	1	65	224
964832	965269	1	65	225
966546	966867	1	65	226
966571	966867	1	65	221
966786	966867	1	65	227
968404	968502	1	65	221
968404	968502	1	65	226
968404	968506	1	65	224
968404	968794	1	65	227
971877	972063	1	65	226
971877	975938	1	65	221
983173	983249	1	67	229
983961	984185	1	67	229
984330	984562	1	67	230
984331	984562	1	67	231
984340	984562	1	67	232
984357	984562	1	67	233
984357	984562	1	67	234
984384	984562	1	67	235
985864	985974	1	67	229
985864	985974	1	67	230
985864	985974	1	67	231
985864	985974	1	67	232
985864	985974	1	67	234
985864	985974	1	67	235
985943	985974	1	67	236
989761	989894	1	67	229
989761	989894	1	67	230
989761	989894	1	67	231
989761	989894	1	67	233
989761	989894	1	67	234
989761	989894	1	67	235
989761	990102	1	67	236
989761	990257	1	67	232
990222	990291	1	67	229
990222	990363	1	67	230
990222	990363	1	67	231
990222	990363	1	67	233
990222	990363	1	67	234
990222	990363	1	67	235
990222	990363	1	67	236
990646	991144	1	67	237
990851	990994	1	67	230
990851	990994	1	67	231
990851	990994	1	67	233
990851	990994	1	67	234
990851	990994	1	67	236
990958	991144	1	67	235
991080	991144	1	67	230
991080	991144	1	67	231
991080	991144	1	67	233
991080	991144	1	67	234
991080	991144	1	67	236
991226	991285	1	67	236
991226	991333	1	67	237
991226	991350	1	67	230
991226	991350	1	67	231
991226	991350	1	67	233
991226	991351	1	67	235
991233	991350	1	67	234
991233	991350	1	67	238
991954	992120	1	67	230
991954	992120	1	67	231
991954	992120	1	67	233
991954	992120	1	67	234
991994	992120	1	67	238
994012	994086	1	67	239
994018	994086	1	67	230
994018	994086	1	67	233
994018	994086	1	67	234
994018	994086	1	67	238
994211	994552	1	67	231
994211	994552	1	67	233
994211	994552	1	67	239
994211	994555	1	67	238
994211	994556	1	67	234
994211	994568	1	67	230
999600	999620	1	68	240
999794	1000165	2	69	241
999913	999951	1	68	240
1000417	1000861	1	70	242
1002020	1002159	2	69	241
1002627	1002755	2	69	241
1003128	1003720	1	70	242
1004519	1005551	1	70	242
1004533	1004582	1	70	243
1004800	1005277	1	70	243
1007626	1007771	1	70	242
1007854	1007969	1	70	242
1008138	1008289	1	70	242
1008616	1008780	1	70	242
1008855	1008925	1	70	242
1009171	1009730	1	70	242
1009646	1010893	2	71	244
1009649	1010893	2	71	245
1009649	1010893	2	71	246
1009650	1009859	2	71	247
1009718	1011354	2	71	248
1010175	1010893	2	71	247
1010456	1010893	2	71	249
1010693	1010893	2	71	250
1010693	1010893	2	71	251
1010728	1010893	2	71	252
1010989	1011093	2	71	252
1011094	1011193	2	71	244
1011094	1011193	2	71	245
1011094	1011193	2	71	249
1011094	1011193	2	71	250
1011094	1011193	2	71	251
1011094	1011497	2	71	247
1011255	1011497	2	71	253
1011365	1011497	2	71	244
1011365	1011497	2	71	245
1011365	1011497	2	71	246
1011365	1011497	2	71	250
1011365	1011497	2	71	251
1011365	1011497	2	71	252
1011365	1011610	2	71	249
1011578	1011610	2	71	250
1011578	1011610	2	71	251
1011578	1011639	2	71	247
1011578	1011661	2	71	244
1011578	1011661	2	71	245
1011578	1011661	2	71	246
1011578	1011661	2	71	252
1011578	1011796	2	71	253
1011739	1011796	2	71	244
1011739	1011796	2	71	245
1011739	1011796	2	71	246
1011739	1011796	2	71	249
1011739	1011796	2	71	250
1011739	1011796	2	71	251
1011739	1011796	2	71	252
1011850	1011990	2	71	254
1011890	1011973	2	71	249
1011890	1011990	2	71	244
1011890	1011990	2	71	245
1011890	1011990	2	71	246
1011890	1011990	2	71	250
1011890	1011990	2	71	251
1011890	1011990	2	71	252
1011890	1011990	2	71	253
1012063	1012186	2	71	255
1012064	1012115	2	71	245
1012064	1012186	2	71	244
1012064	1012186	2	71	246
1012064	1012186	2	71	254
1012064	1012287	2	71	253
1012064	1012315	2	71	252
1012064	1012571	2	71	251
1012111	1012186	2	71	256
1012232	1012571	2	71	257
1012461	1012571	2	71	244
1012461	1012571	2	71	246
1012461	1012571	2	71	254
1012461	1012571	2	71	255
1012461	1012571	2	71	256
1012539	1012571	2	71	258
1013239	1013338	2	71	244
1013239	1013338	2	71	246
1013239	1013338	2	71	251
1013239	1013338	2	71	254
1013239	1013338	2	71	255
1013239	1013338	2	71	257
1013239	1013356	2	71	256
1013239	1013637	2	71	258
1014190	1014294	2	71	251
1014190	1014302	2	71	256
1014190	1014315	2	71	257
1014190	1014471	2	71	244
1014190	1014471	2	71	246
1014190	1014471	2	71	255
1017277	1017421	2	71	255
1020770	1020844	2	71	257
1020770	1021113	2	71	246
1020770	1021116	2	71	244
1021520	1021626	1	72	259
1026297	1026722	1	73	260
1026584	1026722	1	73	261
1026609	1026722	1	73	262
1026609	1026722	1	73	263
1026617	1026722	1	73	264
1026627	1026722	1	73	265
1026627	1026722	1	73	266
1026689	1026722	1	73	267
1026689	1026722	1	73	268
1026975	1027072	1	73	261
1030941	1031190	1	73	269
1031069	1031190	1	73	260
1031069	1031190	1	73	261
1031069	1031190	1	73	262
1031069	1031190	1	73	263
1031069	1031190	1	73	264
1031069	1031190	1	73	265
1031069	1031190	1	73	266
1031069	1031190	1	73	267
1031135	1031190	1	73	270
1032390	1032456	1	73	260
1032390	1032456	1	73	261
1032390	1032456	1	73	262
1032390	1032456	1	73	263
1032390	1032456	1	73	264
1032390	1032456	1	73	265
1032390	1032456	1	73	266
1032390	1032456	1	73	267
1032390	1032456	1	73	269
1032390	1032456	1	73	270
1032557	1032661	1	73	264
1032557	1032693	1	73	261
1032557	1032694	1	73	260
1032557	1032694	1	73	262
1032557	1032694	1	73	263
1032557	1032694	1	73	266
1032557	1032694	1	73	267
1032557	1032694	1	73	269
1032557	1032694	1	73	270
1032557	1032919	1	73	265
1036065	1036244	1	73	266
1036128	1036244	1	73	260
1036128	1036244	1	73	264
1036128	1036244	1	73	269
1036128	1036244	1	73	270
1036414	1036560	1	73	260
1036414	1036560	1	73	262
1036414	1036560	1	73	263
1036414	1036560	1	73	264
1036414	1036560	1	73	266
1036414	1036560	1	73	269
1036414	1036560	1	73	270
1036414	1036675	1	73	267
1036414	1036686	1	73	268
1036797	1039062	1	73	271
1036877	1036998	1	73	270
1037548	1037630	1	73	265
1037623	1037731	1	73	269
1037623	1038025	1	73	264
1037623	1038062	1	73	270
1037623	1038376	1	73	266
1037623	1038871	1	73	262
1037623	1039062	1	73	263
1037623	1039067	1	73	260
1038725	1039062	2	74	272
1040101	1040194	1	75	273
1040114	1040194	1	75	274
1040118	1040194	1	75	275
1040121	1040194	1	75	276
1040125	1040194	1	75	277
1041200	1041425	1	75	278
1041203	1041425	1	75	279
1041223	1041425	1	75	273
1041223	1041425	1	75	276
1041223	1041425	1	75	277
1041223	1041680	1	75	274
1041353	1041425	1	75	275
1041360	1041425	1	75	280
1041508	1041601	1	75	273
1041508	1041601	1	75	275
1041508	1041601	1	75	276
1041508	1041601	1	75	279
1041508	1041601	1	75	280
1041508	1042174	1	75	277
1041514	1041601	1	75	278
1041829	1041970	1	75	273
1041829	1041970	1	75	275
1041829	1041970	1	75	276
1041829	1041970	1	75	278
1041829	1041970	1	75	280
1041829	1042102	1	75	279
1042062	1042174	1	75	273
1042062	1042174	1	75	275
1042062	1042174	1	75	276
1042062	1042174	1	75	278
1042062	1042174	1	75	280
1042313	1042389	1	75	275
1042313	1042395	1	75	273
1042313	1042395	1	75	280
1042313	1042463	1	75	277
1042313	1042742	1	75	276
1042660	1042824	1	75	281
1042744	1042824	1	75	273
1042744	1042824	1	75	280
1043039	1043249	1	75	273
1043039	1043249	1	75	280
1043039	1043249	1	75	281
1043332	1043471	1	75	273
1043332	1043471	1	75	280
1043332	1043471	1	75	281
1043723	1043839	1	75	273
1043723	1043839	1	75	280
1043723	1043839	1	75	281
1044575	1044742	1	75	273
1044575	1044742	1	75	280
1044575	1044742	1	75	281
1045000	1045229	1	75	273
1045000	1045229	1	75	280
1045000	1045229	1	75	281
1045530	1045617	1	75	282
1046228	1046402	1	75	282
1046228	1046404	1	75	273
1046228	1046404	1	75	280
1046228	1046404	1	75	281
1046800	1047022	1	75	273
1046800	1047022	1	75	280
1046800	1047022	1	75	281
1047155	1047376	1	75	273
1047155	1047376	1	75	280
1047155	1047376	1	75	281
1047155	1047376	1	75	282
1047451	1047552	1	75	282
1047451	1047652	1	75	273
1047451	1047652	1	75	280
1047451	1047652	1	75	281
1048893	1049003	1	75	273
1048893	1049003	1	75	280
1048893	1049003	1	75	281
1049264	1049435	1	75	273
1049264	1049435	1	75	280
1049264	1049435	1	75	281
1050919	1051050	1	75	273
1050919	1051050	1	75	280
1050919	1051050	1	75	281
1051153	1051292	1	75	273
1051153	1051292	1	75	280
1051153	1051292	1	75	281
1051447	1051584	1	75	273
1051447	1051584	1	75	280
1051447	1051584	1	75	281
1051940	1052124	1	75	273
1051940	1052124	1	75	280
1051940	1052124	1	75	281
1052212	1052284	1	75	273
1052212	1052284	1	75	280
1052212	1052284	1	75	281
1053327	1053529	1	75	273
1053327	1053529	1	75	280
1053327	1053529	1	75	281
1053786	1053834	1	75	273
1053786	1053834	1	75	280
1053786	1053834	1	75	281
1054004	1054108	1	75	273
1054004	1054108	1	75	280
1054004	1054108	1	75	281
1054076	1054108	1	75	283
1054191	1054339	1	75	273
1054191	1054339	1	75	280
1054191	1054339	1	75	281
1054191	1054339	1	75	283
1054568	1054692	1	75	273
1054568	1054692	1	75	280
1054568	1054692	1	75	281
1054778	1054876	1	75	273
1054778	1054876	1	75	280
1054778	1054876	1	75	281
1054778	1054876	1	75	283
1055095	1055349	1	75	273
1055095	1055349	1	75	280
1055095	1055349	1	75	281
1055095	1055349	1	75	283
1055905	1055937	1	75	273
1055905	1055937	1	75	280
1055905	1055937	1	75	281
1055905	1055937	1	75	283
1056064	1056241	1	75	273
1056064	1056241	1	75	280
1056064	1056241	1	75	281
1056328	1056497	1	75	273
1056328	1056497	1	75	280
1056328	1056497	1	75	281
1056905	1057082	1	75	273
1056905	1057082	1	75	280
1056905	1057082	1	75	281
1056932	1057082	1	75	284
1057038	1057427	1	75	285
1057038	1057427	1	75	286
1057312	1057427	1	75	273
1057312	1057427	1	75	280
1057312	1057427	1	75	281
1057312	1057427	1	75	284
1057913	1058057	1	75	273
1057913	1058057	1	75	280
1057913	1058057	1	75	281
1057913	1058057	1	75	285
1057913	1058057	1	75	286
1057967	1058057	1	75	284
1058144	1058155	1	75	285
1058144	1058267	1	75	273
1058144	1058267	1	75	280
1058144	1058267	1	75	281
1058144	1058267	1	75	284
1058144	1058267	1	75	286
1058616	1058745	1	75	273
1058616	1058745	1	75	280
1058616	1058745	1	75	281
1058616	1058745	1	75	284
1058616	1058745	1	75	286
1058818	1058938	1	75	273
1058818	1058938	1	75	280
1058818	1058938	1	75	281
1058818	1058938	1	75	284
1058818	1058938	1	75	286
1059021	1059083	1	75	273
1059021	1059083	1	75	280
1059021	1059083	1	75	281
1059021	1059083	1	75	284
1059021	1059261	1	75	286
1061780	1061886	1	75	273
1061780	1061886	1	75	280
1061780	1061886	1	75	281
1061780	1061886	1	75	284
1062170	1062311	1	75	273
1062170	1062311	1	75	280
1062170	1062311	1	75	281
1062170	1062311	1	75	284
1062259	1062311	1	75	287
1063542	1063676	1	75	273
1063542	1063676	1	75	280
1063542	1063676	1	75	281
1063542	1063676	1	75	284
1063542	1063676	1	75	287
1063758	1063861	1	75	273
1063758	1063861	1	75	280
1063758	1063861	1	75	281
1063758	1063861	1	75	284
1063758	1063943	1	75	287
1064050	1064251	1	75	288
1064159	1064251	1	75	273
1064159	1064251	1	75	280
1064159	1064251	1	75	281
1064159	1064251	1	75	284
1064657	1064745	1	75	289
1064929	1065169	1	75	273
1064929	1065169	1	75	280
1064929	1065169	1	75	281
1064929	1065169	1	75	284
1064929	1065169	1	75	288
1064929	1065169	1	75	289
1065268	1065326	1	75	289
1065268	1065423	1	75	281
1065268	1065567	1	75	273
1065268	1065567	1	75	280
1065268	1065567	1	75	284
1065289	1065570	1	75	288
1065921	1066161	1	76	290
1066507	1066639	1	76	291
1067173	1067493	1	76	292
1067315	1067493	1	76	293
1067315	1067493	1	76	294
1067317	1067493	1	76	295
1067325	1067493	1	76	296
1067496	1067672	1	76	297
1068331	1068742	1	76	296
1068412	1068742	1	76	290
1068412	1068742	1	76	291
1068412	1068742	1	76	292
1068412	1068742	1	76	297
1071219	1071356	1	76	298
1071511	1071764	1	76	299
1073147	1073221	1	76	291
1073147	1073290	1	76	290
1073147	1073290	1	76	292
1073147	1073290	1	76	293
1073147	1073290	1	76	294
1073147	1073290	1	76	296
1073147	1073290	1	76	297
1073147	1073290	1	76	298
1073147	1073290	1	76	299
1073504	1073588	1	76	290
1073504	1073588	1	76	292
1073504	1073588	1	76	293
1073504	1073588	1	76	294
1073504	1073588	1	76	296
1073504	1073588	1	76	297
1073504	1073588	1	76	298
1073581	1073744	1	76	300
1073672	1073744	1	76	290
1073672	1073744	1	76	292
1073672	1073744	1	76	293
1073672	1073744	1	76	294
1073672	1073744	1	76	296
1073672	1073744	1	76	297
1073672	1073744	1	76	298
1073946	1074012	1	76	290
1073946	1074012	1	76	292
1073946	1074012	1	76	293
1073946	1074012	1	76	294
1073946	1074012	1	76	296
1073946	1074012	1	76	297
1073946	1074012	1	76	298
1073946	1074012	1	76	300
1074102	1074239	1	76	290
1074102	1074239	1	76	292
1074102	1074239	1	76	293
1074102	1074239	1	76	294
1074102	1074239	1	76	296
1074102	1074239	1	76	297
1074102	1074239	1	76	298
1074102	1074239	1	76	300
1074341	1074405	1	76	290
1074341	1074405	1	76	292
1074341	1074405	1	76	293
1074341	1074405	1	76	294
1074341	1074405	1	76	296
1074341	1074405	1	76	297
1074341	1074405	1	76	298
1074341	1074405	1	76	300
1074612	1074722	1	76	290
1074612	1074722	1	76	292
1074612	1074722	1	76	293
1074612	1074722	1	76	294
1074612	1074722	1	76	296
1074612	1074722	1	76	297
1074612	1074722	1	76	298
1074612	1074722	1	76	300
1074797	1074877	1	76	290
1074797	1074877	1	76	292
1074797	1074877	1	76	293
1074797	1074877	1	76	294
1074797	1074877	1	76	296
1074797	1074877	1	76	297
1074797	1074877	1	76	298
1077441	1078043	1	76	301
1077855	1078043	1	76	290
1077855	1078043	1	76	292
1077855	1078043	1	76	293
1077855	1078043	1	76	294
1077855	1078043	1	76	296
1077855	1078043	1	76	297
1077855	1078043	1	76	298
1079701	1079838	1	76	290
1079701	1079838	1	76	292
1079701	1079838	1	76	293
1079701	1079838	1	76	294
1079701	1079838	1	76	296
1079701	1079838	1	76	297
1079701	1079838	1	76	298
1079701	1079838	1	76	301
1079926	1080116	1	76	290
1079926	1080116	1	76	292
1079926	1080116	1	76	293
1079926	1080116	1	76	294
1079926	1080116	1	76	296
1079926	1080116	1	76	297
1079926	1080116	1	76	298
1079926	1080116	1	76	301
1080253	1080377	1	76	290
1080253	1080377	1	76	292
1080253	1080377	1	76	296
1080253	1080377	1	76	297
1080253	1080377	1	76	298
1080253	1080377	1	76	301
1080253	1080545	1	76	293
1080253	1080545	1	76	294
1080253	1080545	1	76	295
1080462	1080545	1	76	290
1080462	1080545	1	76	292
1080462	1080545	1	76	296
1080462	1080545	1	76	297
1080462	1080545	1	76	298
1080462	1080545	1	76	301
1080680	1080784	1	76	290
1080680	1080784	1	76	292
1080680	1080784	1	76	293
1080680	1080784	1	76	294
1080680	1080784	1	76	295
1080680	1080784	1	76	296
1080680	1080784	1	76	297
1080680	1080784	1	76	298
1080680	1080784	1	76	301
1080890	1080961	1	76	295
1080890	1081062	1	76	290
1080890	1081062	1	76	292
1080890	1081062	1	76	293
1080890	1081062	1	76	294
1080890	1081062	1	76	296
1080890	1081062	1	76	297
1080890	1081062	1	76	298
1080890	1081062	1	76	301
1081187	1081736	1	76	302
1081548	1081736	1	76	290
1081548	1081736	1	76	292
1081548	1081736	1	76	293
1081548	1081736	1	76	294
1081548	1081736	1	76	296
1081548	1081736	1	76	297
1081548	1081736	1	76	298
1081548	1081736	1	76	301
1081822	1081959	1	76	290
1081822	1081959	1	76	292
1081822	1081959	1	76	293
1081822	1081959	1	76	294
1081822	1081959	1	76	296
1081822	1081959	1	76	297
1081822	1081959	1	76	298
1081822	1081959	1	76	301
1081822	1081959	1	76	302
1082519	1082655	1	76	303
1082784	1083064	1	76	304
1082838	1082954	1	76	302
1082838	1083064	1	76	290
1082838	1083064	1	76	292
1082838	1083064	1	76	293
1082838	1083064	1	76	294
1082838	1083064	1	76	296
1082838	1083064	1	76	297
1082838	1083064	1	76	298
1082838	1083064	1	76	301
1082838	1083064	1	76	303
1082839	1083351	1	76	305
1082937	1083064	1	76	306
1083141	1083327	1	76	303
1083141	1083351	1	76	290
1083141	1083351	1	76	292
1083141	1083351	1	76	293
1083141	1083351	1	76	294
1083141	1083351	1	76	296
1083141	1083351	1	76	297
1083141	1083351	1	76	298
1083141	1083351	1	76	301
1083141	1083351	1	76	304
1083274	1083351	1	76	306
1084236	1084344	1	76	290
1084236	1084344	1	76	292
1084236	1084344	1	76	293
1084236	1084344	1	76	294
1084236	1084344	1	76	296
1084236	1084344	1	76	297
1084236	1084344	1	76	298
1084236	1084344	1	76	301
1084236	1084344	1	76	304
1084236	1084344	1	76	305
1084236	1084344	1	76	306
1085658	1085994	1	76	304
1085658	1086090	1	76	293
1085658	1086090	1	76	294
1085658	1086213	1	76	306
1085658	1086264	1	76	290
1085658	1086598	1	76	305
1085658	1086624	1	76	296
1085658	1086626	1	76	292
1085658	1086626	1	76	297
1085658	1086626	1	76	298
1085658	1086626	1	76	301
1086593	1086986	2	77	307
1086874	1086986	2	77	308
1088064	1088164	2	77	307
1088146	1088718	2	77	309
1088165	1088718	2	77	310
1088319	1088718	2	77	311
1088422	1088718	2	77	312
1088607	1088641	2	77	307
1088634	1088718	2	77	313
1088663	1088718	2	77	314
1089470	1089549	2	77	308
1089470	1089549	2	77	309
1089470	1089549	2	77	310
1089470	1089549	2	77	311
1089470	1089549	2	77	313
1089470	1089549	2	77	314
1089470	1089928	2	77	312
1089882	1089960	2	77	308
1089882	1089960	2	77	309
1089882	1089960	2	77	310
1089882	1089960	2	77	311
1089882	1089960	2	77	313
1089882	1089960	2	77	314
1090085	1090139	2	77	313
1090085	1090143	2	77	308
1090085	1090143	2	77	309
1090085	1090143	2	77	310
1090085	1090143	2	77	311
1090085	1090143	2	77	314
1090906	1090986	2	77	308
1090906	1090986	2	77	309
1090906	1090986	2	77	310
1090906	1090986	2	77	311
1090906	1090986	2	77	313
1090906	1090986	2	77	314
1091499	1091905	2	77	315
1091790	1091905	2	77	308
1091790	1091905	2	77	309
1091790	1091905	2	77	310
1091790	1091905	2	77	311
1091790	1091905	2	77	313
1091790	1091905	2	77	314
1092311	1092344	2	77	313
1093728	1094076	2	77	316
1093754	1093901	2	77	311
1093902	1094076	2	77	308
1093902	1094076	2	77	309
1093902	1094076	2	77	315
1093902	1095373	2	77	310
1095257	1095334	2	77	311
1095257	1095347	2	77	316
1095257	1095352	2	77	308
1095257	1095359	2	77	315
1095257	1095373	2	77	314
1095257	1095597	2	77	309
1103935	1104125	1	78	317
1104006	1104125	1	78	318
1104066	1104125	1	78	319
1104071	1104125	1	78	320
1104414	1104927	1	78	321
1105109	1105278	1	78	322
1105183	1105278	1	78	323
1105184	1105278	1	78	317
1105184	1105278	1	78	318
1105184	1105278	1	78	319
1105184	1105278	1	78	320
1105184	1105278	1	78	321
1105364	1105508	1	78	317
1105364	1105508	1	78	318
1105364	1105508	1	78	319
1105364	1105508	1	78	320
1105364	1105508	1	78	321
1105364	1105508	1	78	322
1105364	1105508	1	78	323
1105452	1105508	1	78	324
1105583	1105846	1	78	325
1105656	1105807	1	78	317
1105656	1105807	1	78	318
1105656	1105807	1	78	319
1105656	1105807	1	78	320
1105656	1105807	1	78	322
1105656	1105807	1	78	324
1105656	1106264	1	78	323
1106179	1106264	1	78	319
1106240	1106264	1	78	317
1106240	1106264	1	78	320
1106240	1106264	1	78	322
1106240	1106264	1	78	324
1106376	1106457	1	78	320
1106398	1106441	1	78	319
1106398	1106457	1	78	317
1106398	1106457	1	78	318
1106398	1106457	1	78	322
1106398	1106457	1	78	323
1106398	1106457	1	78	324
1106538	1106562	1	78	322
1106538	1106777	1	78	317
1106538	1106785	1	78	318
1106538	1106786	1	78	320
1106538	1106786	1	78	323
1106571	1106777	1	78	324
1107635	1108702	2	79	326
1107639	1108702	2	79	327
1107640	1108702	2	79	328
1108563	1108702	2	79	329
1108777	1108967	2	79	326
1108777	1108967	2	79	327
1108777	1108967	2	79	328
1108777	1108967	2	79	329
1109133	1109209	2	79	326
1109133	1109209	2	79	327
1109133	1109209	2	79	328
1109133	1109596	2	79	329
1109290	1109421	2	79	326
1109290	1109421	2	79	327
1109290	1109421	2	79	328
1109499	1109775	2	79	330
1109504	1109596	2	79	326
1109504	1109596	2	79	327
1109504	1109596	2	79	328
1109681	1109775	2	79	326
1109681	1109775	2	79	327
1109681	1109775	2	79	328
1109681	1109775	2	79	329
1110743	1110886	2	79	326
1110743	1110886	2	79	327
1110743	1110886	2	79	328
1110743	1110886	2	79	329
1110743	1110886	2	79	330
1111017	1111060	2	79	330
1111017	1111091	2	79	326
1111017	1111091	2	79	327
1111017	1111091	2	79	328
1111017	1111091	2	79	329
1111504	1111612	2	79	326
1111504	1111612	2	79	327
1111504	1111612	2	79	328
1111504	1111676	2	79	329
1111994	1112065	2	79	326
1111994	1112065	2	79	327
1111994	1112065	2	79	328
1112187	1112299	2	79	326
1112187	1112299	2	79	327
1112187	1112299	2	79	328
1112400	1112535	2	79	326
1112400	1112535	2	79	327
1112400	1112535	2	79	328
1112816	1112947	2	79	326
1112816	1112947	2	79	327
1112816	1112947	2	79	328
1113533	1113702	2	79	326
1113533	1113702	2	79	327
1113533	1113702	2	79	328
1114229	1114420	2	79	326
1114229	1114420	2	79	327
1114229	1114420	2	79	328
1115354	1116101	2	79	331
1116019	1116101	2	79	326
1116019	1116101	2	79	327
1116019	1116101	2	79	328
1116827	1116924	2	79	326
1116827	1116924	2	79	327
1116827	1116924	2	79	328
1116827	1116924	2	79	331
1117321	1117467	2	79	327
1117321	1117497	2	79	326
1117321	1117497	2	79	328
1117321	1117497	2	79	331
1117394	1117497	2	79	332
1119009	1119162	2	79	326
1119009	1119162	2	79	327
1119009	1119162	2	79	328
1119009	1119162	2	79	331
1119009	1119162	2	79	332
1119514	1119619	2	79	326
1119514	1119619	2	79	327
1119514	1119619	2	79	328
1119514	1119619	2	79	331
1119514	1119619	2	79	332
1119904	1120021	2	79	326
1119904	1120021	2	79	327
1119904	1120021	2	79	328
1119904	1120021	2	79	331
1119904	1120116	2	79	332
1122137	1122280	2	79	326
1122137	1122280	2	79	327
1122137	1122280	2	79	328
1122137	1122280	2	79	331
1122466	1122556	2	79	326
1122466	1122556	2	79	327
1122466	1122556	2	79	328
1122466	1122556	2	79	331
1122656	1122789	2	79	326
1122656	1122789	2	79	327
1122656	1122789	2	79	328
1122656	1122789	2	79	331
1122892	1123043	2	79	326
1122892	1123043	2	79	327
1122892	1123043	2	79	328
1122892	1123043	2	79	331
1123532	1123637	2	79	326
1123532	1123637	2	79	327
1123532	1123637	2	79	328
1123532	1123637	2	79	331
1123940	1124020	2	79	326
1123940	1124020	2	79	327
1123940	1124020	2	79	328
1123940	1124020	2	79	331
1127602	1127763	2	79	326
1127602	1127763	2	79	327
1127602	1127763	2	79	328
1127602	1127763	2	79	331
1127658	1127763	2	79	333
1127659	1127763	2	79	334
1127708	1127763	2	79	335
1132088	1132219	2	79	328
1132088	1132219	2	79	331
1147307	1147418	2	79	326
1147307	1147418	2	79	327
1147307	1147418	2	79	333
1147307	1147418	2	79	334
1147307	1147418	2	79	335
1149367	1149440	2	79	326
1149367	1149440	2	79	327
1149367	1149440	2	79	333
1149367	1149440	2	79	334
1149367	1149440	2	79	335
1154182	1154400	2	79	326
1154182	1154400	2	79	327
1154182	1154400	2	79	333
1154182	1154400	2	79	334
1154182	1154400	2	79	335
1155084	1155134	2	79	333
1168692	1168941	2	79	335
1173722	1173772	2	79	334
1174170	1174254	2	79	327
1174170	1174281	2	79	326
1189405	1189657	1	80	336
1203207	1203819	1	81	345
1205739	1207201	1	80	337
1206814	1207201	1	80	338
1206822	1207201	1	80	339
1206867	1207201	1	80	340
1207089	1207201	1	80	341
1216266	1216396	1	80	338
1218415	1218498	1	80	336
1218415	1218498	1	80	337
1218415	1218498	1	80	338
1218415	1218498	1	80	339
1218415	1218498	1	80	341
1219322	1219384	1	80	336
1219322	1219411	1	80	337
1219322	1219411	1	80	338
1219322	1219411	1	80	339
1219322	1219411	1	80	341
1220011	1220715	1	80	342
1220371	1220503	1	80	337
1220371	1220503	1	80	338
1220371	1220503	1	80	339
1220371	1220503	1	80	340
1220371	1220715	1	80	341
1220579	1220615	1	80	340
1220579	1220715	1	80	337
1220579	1220715	1	80	338
1220579	1220715	1	80	339
1221211	1221338	1	80	337
1221211	1221338	1	80	338
1221211	1221338	1	80	342
1221211	1221338	1	80	343
1221211	1221339	1	80	341
1221211	1222004	1	80	339
1221947	1222004	1	80	337
1221947	1222004	1	80	338
1221947	1222004	1	80	343
1221947	1222007	1	80	342
1222983	1223170	1	80	337
1222983	1223170	1	80	339
1222983	1223170	1	80	343
1222983	1223171	1	80	338
1223146	1223170	1	80	344
1223636	1226661	1	80	344
1226452	1226661	1	80	337
1226452	1228010	1	80	339
1226457	1226661	1	80	343
1227591	1227855	1	80	343
1227591	1228092	1	80	344
1227591	1228427	1	80	337
1228285	1231273	2	82	346
1229177	1230140	2	82	347
1229946	1230135	2	82	348
1229946	1231273	2	82	349
1231099	1231273	2	82	347
1231099	1231273	2	82	348
1233424	1233634	2	82	346
1233424	1233634	2	82	347
1233424	1233634	2	82	348
1233424	1233634	2	82	349
1234189	1234288	2	82	348
1234189	1234329	2	82	346
1234189	1234329	2	82	347
1234189	1234329	2	82	349
1234569	1234740	2	82	346
1234569	1234740	2	82	348
1234569	1234740	2	82	349
1234569	1234825	2	82	347
1234572	1234740	2	82	350
1234999	1235083	2	82	348
1234999	1235143	2	82	346
1234999	1235143	2	82	349
1234999	1235340	2	82	350
1235006	1235143	2	82	347
1235499	1235563	2	82	346
1235499	1235563	2	82	347
1235499	1235563	2	82	349
1235499	1235563	2	82	350
1235777	1235916	2	82	346
1235777	1235916	2	82	347
1235777	1235916	2	82	349
1235777	1235916	2	82	350
1235994	1236119	2	82	346
1235994	1236119	2	82	347
1235994	1236119	2	82	349
1235994	1236119	2	82	350
1237754	1237844	2	82	350
1237754	1237989	2	82	347
1237754	1237989	2	82	349
1237754	1238025	2	82	346
1238177	1238224	1	83	351
1238402	1239038	1	83	351
1239362	1239520	1	83	351
1241748	1241989	1	84	352
1241748	1241989	1	84	353
1241766	1243352	1	84	354
1241768	1242607	1	84	355
1241815	1242607	1	84	356
1241818	1241989	1	84	357
1242326	1242607	1	84	358
1242454	1242607	1	84	352
1242454	1242607	1	84	353
1242454	1242607	1	84	357
1244055	1244183	1	84	359
1244095	1244183	1	84	352
1244095	1244183	1	84	353
1244095	1244183	1	84	355
1244095	1244183	1	84	356
1244095	1244183	1	84	357
1244095	1244183	1	84	358
1244313	1244438	1	84	353
1244313	1244438	1	84	355
1244313	1244438	1	84	357
1244313	1244539	1	84	358
1244313	1244823	1	84	352
1244313	1244823	1	84	356
1244313	1244823	1	84	359
1244689	1244784	1	84	357
1244735	1244822	1	84	353
1244735	1244823	1	84	355
1248551	1248658	1	85	360
1248551	1248658	1	85	361
1249886	1250527	1	85	362
1249888	1250527	1	85	360
1249888	1250527	1	85	361
1251259	1251647	1	85	363
1251560	1251647	1	85	360
1251560	1251647	1	85	361
1251560	1251647	1	85	362
1251620	1251647	1	85	364
1251837	1251899	1	85	360
1251837	1251899	1	85	361
1251837	1251899	1	85	362
1251837	1251899	1	85	363
1251837	1251899	1	85	364
1253682	1254080	1	85	365
1253952	1254080	1	85	364
1254165	1254235	1	85	363
1254165	1254300	1	85	364
1254165	1254301	1	85	365
1254165	1254476	1	85	361
1254165	1254476	1	85	362
1254900	1255059	1	85	361
1254900	1255059	1	85	362
1255420	1255692	1	85	361
1255420	1255692	1	85	362
1256993	1259138	1	85	361
1256993	1259141	1	85	362
1259383	1259636	1	86	366
1261154	1261451	1	86	367
1261164	1261639	1	86	368
1261340	1261639	1	86	369
1261380	1261639	1	86	370
1261819	1262141	1	86	371
1264251	1264461	1	86	370
1264251	1264570	1	86	368
1264251	1264696	1	86	371
1264323	1264570	1	86	369
1266651	1266699	1	86	372
1266801	1267163	1	86	373
1267086	1267290	1	86	374
1267152	1267364	1	86	375
1267227	1267290	1	86	376
1267337	1267441	1	86	377
1267410	1267441	1	86	378
1268164	1268388	2	87	412
1269329	1269408	1	86	379
1269329	1269408	1	86	380
1269330	1269405	1	86	381
1269330	1269405	1	86	385
1269330	1269408	1	86	382
1269330	1269408	1	86	383
1269330	1269408	1	86	384
1269330	1269408	1	86	386
1269330	1269408	1	86	387
1269331	1269408	1	86	388
1269333	1269408	1	86	389
1269333	1269408	1	86	390
1269333	1269408	1	86	391
1269334	1269408	1	86	392
1269335	1269408	1	86	393
1269335	1269408	1	86	394
1269342	1269408	1	86	395
1269345	1269408	1	86	396
1269346	1269408	1	86	397
1269346	1269408	1	86	398
1269348	1269408	1	86	399
1269348	1269408	1	86	400
1269349	1269408	1	86	401
1269350	1269408	1	86	402
1269354	1269408	1	86	403
1269821	1270138	2	87	413
1269823	1270239	2	87	412
1269910	1269913	1	86	399
1270272	1271034	1	86	404
1270864	1271034	1	86	405
1270865	1271034	1	86	380
1270865	1271034	1	86	383
1270865	1271034	1	86	386
1270878	1270880	1	86	381
1270878	1270880	1	86	385
1270883	1271034	1	86	406
1270926	1271027	1	86	370
1270926	1271034	1	86	366
1270926	1271034	1	86	367
1270926	1271034	1	86	372
1270926	1271034	1	86	373
1270926	1271034	1	86	374
1270926	1271034	1	86	376
1270926	1271034	1	86	377
1270926	1271034	1	86	378
1270926	1271034	1	86	379
1270926	1271034	1	86	381
1270926	1271034	1	86	382
1270926	1271034	1	86	384
1270926	1271034	1	86	385
1270926	1271034	1	86	388
1270926	1271034	1	86	389
1270926	1271034	1	86	390
1270926	1271034	1	86	391
1270926	1271034	1	86	392
1270926	1271034	1	86	393
1270926	1271034	1	86	394
1270926	1271034	1	86	395
1270926	1271034	1	86	396
1270926	1271034	1	86	397
1270926	1271034	1	86	398
1270926	1271034	1	86	399
1270926	1271034	1	86	400
1270926	1271034	1	86	401
1270926	1271034	1	86	402
1270926	1271034	1	86	403
1270926	1271043	1	86	375
1270926	1271465	1	86	387
1271119	1271244	1	86	382
1271119	1271244	1	86	403
1271138	1271244	1	86	366
1271138	1271244	1	86	367
1271138	1271244	1	86	372
1271138	1271244	1	86	373
1271138	1271244	1	86	374
1271138	1271244	1	86	376
1271138	1271244	1	86	377
1271138	1271244	1	86	378
1271138	1271244	1	86	380
1271138	1271244	1	86	381
1271138	1271244	1	86	384
1271138	1271244	1	86	385
1271138	1271244	1	86	386
1271138	1271244	1	86	393
1271138	1271244	1	86	394
1271138	1271244	1	86	396
1271138	1271244	1	86	399
1271138	1271244	1	86	400
1271138	1271244	1	86	401
1271138	1271244	1	86	402
1271138	1271244	1	86	404
1271138	1271244	1	86	405
1271138	1271244	1	86	406
1271138	1271363	1	86	388
1271138	1271363	1	86	397
1271138	1271465	1	86	379
1271138	1271465	1	86	383
1271138	1271492	1	86	389
1271165	1271630	1	86	407
1271327	1271359	1	86	373
1271327	1271363	1	86	384
1271327	1271431	1	86	367
1271327	1271465	1	86	366
1271327	1271465	1	86	372
1271327	1271465	1	86	374
1271327	1271465	1	86	376
1271327	1271465	1	86	377
1271327	1271465	1	86	378
1271327	1271465	1	86	380
1271327	1271465	1	86	381
1271327	1271465	1	86	382
1271327	1271465	1	86	385
1271327	1271465	1	86	386
1271327	1271465	1	86	390
1271327	1271465	1	86	391
1271327	1271465	1	86	392
1271327	1271465	1	86	393
1271327	1271465	1	86	394
1271327	1271465	1	86	395
1271327	1271465	1	86	396
1271327	1271465	1	86	398
1271327	1271465	1	86	399
1271327	1271465	1	86	400
1271327	1271465	1	86	402
1271327	1271465	1	86	403
1271327	1271465	1	86	405
1271327	1271465	1	86	406
1271327	1271637	1	86	401
1271547	1271630	1	86	408
1271549	1271630	1	86	366
1271549	1271630	1	86	372
1271549	1271630	1	86	374
1271549	1271630	1	86	376
1271549	1271630	1	86	377
1271549	1271630	1	86	378
1271549	1271630	1	86	379
1271549	1271630	1	86	380
1271549	1271630	1	86	381
1271549	1271630	1	86	383
1271549	1271630	1	86	384
1271549	1271630	1	86	385
1271549	1271630	1	86	386
1271549	1271630	1	86	387
1271549	1271630	1	86	388
1271549	1271630	1	86	390
1271549	1271630	1	86	391
1271549	1271630	1	86	392
1271549	1271630	1	86	393
1271549	1271630	1	86	394
1271549	1271630	1	86	395
1271549	1271630	1	86	396
1271549	1271630	1	86	397
1271549	1271630	1	86	398
1271549	1271630	1	86	399
1271549	1271630	1	86	400
1271549	1271630	1	86	402
1271549	1271630	1	86	403
1271549	1271630	1	86	405
1271549	1271630	1	86	406
1271549	1272602	1	86	382
1271979	1272026	1	86	377
1271979	1272049	1	86	366
1271979	1272049	1	86	372
1271979	1272049	1	86	374
1271979	1272049	1	86	376
1271979	1272049	1	86	378
1271979	1272049	1	86	379
1271979	1272049	1	86	385
1271979	1272049	1	86	386
1271979	1272049	1	86	392
1271979	1272049	1	86	394
1271979	1272049	1	86	396
1271979	1272049	1	86	397
1271979	1272049	1	86	398
1271979	1272049	1	86	400
1271979	1272049	1	86	402
1271979	1272049	1	86	405
1271979	1272049	1	86	406
1271979	1272049	1	86	408
1271979	1272055	1	86	407
1271979	1272372	1	86	403
1271979	1272390	1	86	395
1271979	1272475	1	86	381
1271979	1272526	1	86	393
1271979	1272548	1	86	399
1271979	1272775	1	86	383
1271979	1273107	1	86	384
1271979	1273138	1	86	380
1271979	1274438	1	86	388
1271979	1274438	1	86	390
1271979	1274438	1	86	391
1271979	1274805	1	86	387
1272425	1272550	1	86	379
1272425	1272598	1	86	392
1272425	1272640	1	86	372
1272425	1272674	1	86	405
1272425	1272730	1	86	374
1272425	1272801	1	86	397
1272425	1273170	1	86	366
1272425	1273170	1	86	385
1272425	1273170	1	86	394
1272915	1273023	1	86	409
1272967	1272994	1	86	373
1273346	1273713	1	86	410
1273492	1273713	1	86	402
1273502	1273713	1	86	411
1273599	1273713	1	86	408
1274305	1274361	1	86	386
1274305	1274438	1	86	378
1274305	1274438	1	86	396
1274305	1274438	1	86	398
1274305	1274438	1	86	408
1274305	1274438	1	86	410
1274305	1274442	1	86	402
1274305	1274478	1	86	376
1274305	1274579	1	86	411
1274305	1274593	1	86	406
1274305	1274808	1	86	400
1274349	1274438	1	86	409
1274647	1274771	1	86	402
1274647	1274803	1	86	388
1274647	1274805	1	86	390
1274647	1274805	1	86	391
1274647	1274808	1	86	408
1274647	1274808	1	86	410
1274647	1274878	1	86	396
1274647	1274878	1	86	398
1274650	1274831	1	86	378
1275025	1275828	1	88	414
1275944	1276101	1	88	415
1276091	1276671	1	88	416
1276091	1277297	1	88	417
1277181	1277297	1	88	414
1277181	1277297	1	88	415
1277181	1277297	1	88	416
1277869	1277915	1	88	418
1278775	1278834	1	88	416
1278775	1279220	1	88	417
1278775	1279226	1	88	414
1278775	1279226	1	88	415
1278775	1279247	1	88	418
1285889	1285920	1	89	419
1286152	1286306	1	90	437
1295543	1295856	1	90	437
1298549	1298614	1	90	437
1299822	1301429	1	90	437
1307402	1307719	2	91	438
1321223	1321988	1	92	439
1322373	1322862	1	92	439
1354709	1355018	1	89	420
1354920	1355018	1	89	421
1354975	1355133	1	89	422
1354977	1355018	1	89	423
1356319	1356447	1	89	419
1356321	1356447	1	89	424
1356321	1356447	1	89	425
1356321	1356447	1	89	426
1356322	1356447	1	89	420
1356322	1356447	1	89	421
1356322	1356447	1	89	422
1356322	1356447	1	89	427
1356362	1356447	1	89	428
1356362	1356447	1	89	429
1356976	1358462	1	89	430
1357007	1357088	1	89	420
1357007	1357092	1	89	419
1357007	1357092	1	89	422
1357007	1357092	1	89	423
1357007	1357092	1	89	424
1357007	1357092	1	89	425
1357007	1357092	1	89	426
1357007	1357092	1	89	427
1357007	1357092	1	89	428
1357007	1357092	1	89	429
1357007	1357497	1	89	421
1358392	1358462	1	89	419
1358392	1358462	1	89	422
1358392	1358462	1	89	423
1358392	1358462	1	89	424
1358392	1358462	1	89	425
1358392	1358462	1	89	426
1358392	1358462	1	89	427
1358392	1358462	1	89	428
1358392	1358462	1	89	429
1358586	1358691	1	89	424
1358586	1358698	1	89	425
1358586	1358698	1	89	427
1358586	1358698	1	89	428
1358586	1358698	1	89	430
1358586	1359892	1	89	423
1360134	1360596	1	89	424
1360134	1360629	1	89	430
1360134	1360671	1	89	422
1360134	1361030	1	89	419
1360134	1361030	1	89	425
1360134	1361030	1	89	426
1360134	1361030	1	89	427
1360134	1361030	1	89	428
1360134	1361030	1	89	429
1361899	1362349	1	89	431
1362248	1362349	1	89	419
1362248	1362349	1	89	425
1362248	1362349	1	89	426
1362248	1362349	1	89	427
1362248	1362349	1	89	428
1362248	1362349	1	89	429
1364507	1364577	1	89	419
1364507	1364577	1	89	425
1364507	1364577	1	89	426
1364507	1364577	1	89	427
1364507	1364577	1	89	428
1364507	1364577	1	89	429
1364507	1364577	1	89	431
1366303	1366349	1	89	431
1366303	1366379	1	89	419
1366303	1366379	1	89	425
1366303	1366379	1	89	426
1366303	1366379	1	89	427
1366303	1366379	1	89	428
1366303	1366379	1	89	429
1367158	1367218	1	89	419
1367158	1367218	1	89	425
1367158	1367218	1	89	426
1367158	1367218	1	89	427
1367158	1367218	1	89	428
1367158	1367218	1	89	429
1369102	1369338	1	89	432
1369263	1369338	1	89	419
1369263	1369338	1	89	425
1369263	1369338	1	89	426
1369263	1369338	1	89	427
1369263	1369338	1	89	428
1369263	1369338	1	89	429
1369594	1369644	1	89	419
1369594	1369644	1	89	425
1369594	1369644	1	89	426
1369594	1369644	1	89	427
1369594	1369644	1	89	428
1369594	1369644	1	89	429
1369594	1369644	1	89	432
1370640	1370776	1	89	432
1370640	1371076	1	89	419
1370640	1371076	1	89	426
1370640	1371076	1	89	427
1370640	1371076	1	89	428
1370640	1371076	1	89	429
1370640	1371477	1	89	425
1371232	1371388	1	89	429
1371321	1371384	1	89	433
1372097	1373158	1	89	434
1372236	1374369	1	89	435
1373070	1373158	1	89	419
1373070	1373158	1	89	426
1373070	1373158	1	89	427
1373070	1373158	1	89	428
1373070	1373158	1	89	429
1373070	1373158	1	89	433
1373505	1374047	1	89	436
1376517	1376863	1	89	433
1376517	1376915	1	89	428
1376517	1376915	1	89	429
1376517	1376915	1	89	434
1376517	1376915	1	89	435
1376517	1376915	1	89	436
1376517	1378428	1	89	426
1376517	1378429	1	89	419
1376517	1378429	1	89	427
1376771	1377078	2	93	440
1376771	1377084	2	93	441
1377183	1377236	2	93	440
1377441	1377518	2	93	441
1383525	1383606	1	94	442
1383629	1383940	1	94	443
1383706	1383940	1	94	442
1383882	1383940	1	94	444
1383888	1384154	1	94	445
1383898	1383940	1	94	446
1383898	1383940	1	94	447
1383902	1383940	1	94	448
1383902	1383940	1	94	449
1383905	1383935	1	94	450
1383916	1383940	1	94	451
1383921	1383940	1	94	452
1384049	1384154	1	94	453
1386516	1386637	1	94	451
1387743	1387845	1	94	454
1387803	1387845	1	94	455
1387809	1387845	1	94	442
1387809	1387845	1	94	443
1387809	1387845	1	94	444
1387809	1387845	1	94	445
1387809	1387845	1	94	446
1387809	1387845	1	94	447
1387809	1387845	1	94	448
1387809	1387845	1	94	449
1387809	1387845	1	94	450
1387809	1387845	1	94	451
1387809	1387845	1	94	452
1387809	1387845	1	94	453
1387998	1388302	1	94	456
1388023	1388302	1	94	457
1388523	1388591	1	94	442
1388523	1388591	1	94	443
1388523	1388591	1	94	446
1388523	1388591	1	94	447
1388523	1388591	1	94	448
1388523	1388591	1	94	449
1388523	1388591	1	94	450
1388523	1388591	1	94	451
1388523	1388591	1	94	452
1388523	1388591	1	94	453
1388523	1388591	1	94	454
1388523	1388591	1	94	455
1388523	1388591	1	94	456
1388523	1388797	1	94	457
1388523	1388936	1	94	444
1388523	1388936	1	94	445
1388741	1388936	1	94	452
1388831	1388936	1	94	442
1388831	1388936	1	94	443
1388831	1388936	1	94	446
1388831	1388936	1	94	447
1388831	1388936	1	94	449
1388831	1388936	1	94	450
1388831	1388936	1	94	451
1388831	1388936	1	94	453
1388831	1388936	1	94	454
1388831	1388936	1	94	455
1388831	1388936	1	94	456
1388831	1391048	1	94	448
1390869	1391048	1	94	442
1390869	1391048	1	94	443
1390869	1391048	1	94	444
1390869	1391048	1	94	447
1390869	1391048	1	94	449
1390869	1391048	1	94	450
1390869	1391048	1	94	451
1390869	1391048	1	94	452
1390869	1391048	1	94	453
1390869	1391048	1	94	454
1390869	1391048	1	94	455
1390869	1391048	1	94	456
1390869	1391163	1	94	445
1390869	1391163	1	94	446
1391117	1391163	1	94	442
1391117	1391163	1	94	443
1391117	1391163	1	94	444
1391117	1391163	1	94	447
1391117	1391163	1	94	448
1391117	1391163	1	94	449
1391117	1391163	1	94	450
1391117	1391163	1	94	451
1391117	1391163	1	94	452
1391117	1391163	1	94	453
1391117	1391163	1	94	454
1391117	1391163	1	94	455
1391117	1391163	1	94	456
1391840	1395582	1	94	458
1392168	1393604	2	95	459
1393240	1393324	1	94	453
1393240	1393328	1	94	443
1393240	1393328	1	94	447
1393240	1393328	1	94	450
1393240	1393328	1	94	451
1393240	1393328	1	94	455
1393240	1393530	1	94	452
1393240	1393543	1	94	442
1393240	1393547	1	94	454
1393240	1393708	1	94	448
1393240	1393875	1	94	446
1393240	1395579	1	94	449
1393240	1395582	1	94	444
1393240	1395582	1	94	445
1393240	1395582	1	94	456
1393564	1393600	2	95	460
1393576	1393604	2	95	461
1393886	1394355	2	95	459
1393886	1394355	2	95	460
1393886	1394355	2	95	461
1394416	1394868	1	94	447
1394416	1395545	1	94	455
1394802	1394865	2	95	460
1394802	1394876	2	95	461
1394802	1396465	2	95	459
1395389	1395426	1	94	451
1395389	1395574	1	94	450
1395389	1395582	1	94	443
1397090	1397497	2	96	462
1398251	1399024	2	96	463
1398598	1398745	2	96	464
1398914	1399024	2	96	462
1398914	1399024	2	96	464
1399126	1399193	2	96	462
1399126	1399193	2	96	463
1399126	1399193	2	96	464
1399522	1399585	2	96	462
1399522	1399585	2	96	463
1399522	1399589	2	96	464
1399791	1399936	2	96	462
1399791	1399936	2	96	463
1401294	1401541	2	96	462
1401294	1401568	2	96	463
1407567	1407800	1	97	465
1407611	1407800	1	97	466
1407675	1407800	1	97	467
1407706	1407800	1	97	468
1407733	1407800	1	97	469
1409822	1410077	1	97	470
1413899	1414058	1	98	477
1414664	1414733	1	98	477
1415738	1415938	1	97	471
1415968	1417538	1	97	472
1416455	1416553	1	97	468
1417498	1417538	1	97	465
1417498	1417538	1	97	466
1417498	1417538	1	97	467
1417498	1417538	1	97	468
1417498	1417538	1	97	469
1417498	1417538	1	97	470
1417498	1417538	1	97	471
1418202	1418368	1	97	465
1418202	1418368	1	97	466
1418202	1418368	1	97	467
1418202	1418368	1	97	468
1418202	1418368	1	97	469
1418202	1418368	1	97	470
1418202	1418368	1	97	471
1418202	1418368	1	97	472
1418664	1418707	1	97	470
1418664	1418729	1	97	465
1418664	1418729	1	97	466
1418664	1418729	1	97	467
1418664	1418729	1	97	468
1418664	1418729	1	97	471
1418664	1418729	1	97	472
1421146	1421230	1	97	471
1421146	1421256	1	97	465
1421146	1421256	1	97	466
1421146	1421256	1	97	469
1421146	1421256	1	97	472
1421149	1421256	1	97	467
1421149	1421256	1	97	468
1422346	1422394	1	97	465
1422346	1422394	1	97	466
1422346	1422394	1	97	467
1422346	1422394	1	97	469
1422346	1422394	1	97	472
1422346	1422421	1	97	468
1425876	1425958	1	97	465
1425876	1425958	1	97	466
1425876	1425958	1	97	469
1426347	1428993	1	97	473
1428840	1428901	1	97	467
1428840	1428993	1	97	465
1428840	1428993	1	97	466
1428840	1428993	1	97	469
1428840	1428993	1	97	472
1428895	1428993	1	97	474
1429965	1429994	1	97	465
1429965	1429994	1	97	466
1429965	1429994	1	97	472
1429965	1429994	1	97	473
1429965	1429994	1	97	474
1429965	1430005	1	97	469
1430220	1430360	1	97	465
1430220	1430360	1	97	466
1430220	1430360	1	97	472
1430220	1430360	1	97	473
1430220	1430360	1	97	474
1432041	1435674	1	97	475
1432512	1432688	1	97	465
1432512	1432688	1	97	466
1432512	1432688	1	97	472
1432512	1432688	1	97	473
1432512	1432688	1	97	474
1433736	1433825	1	97	476
1433737	1433825	1	97	465
1434735	1435679	1	97	473
1434735	1435685	1	97	466
1434735	1435718	1	97	465
1434738	1435028	1	97	476
1434738	1435360	1	97	474
1434738	1435679	1	97	472
1438357	1438426	1	99	478
1438385	1438426	1	99	479
1438398	1438426	1	99	480
1438399	1438890	1	99	481
1438403	1438426	1	99	482
1438403	1438426	1	99	483
1438417	1438578	1	99	484
1438418	1438426	1	99	485
1438418	1438426	1	99	486
1438788	1440251	1	99	487
1438805	1438890	1	99	479
1438805	1438890	1	99	480
1438805	1438890	1	99	482
1438805	1438890	1	99	483
1438805	1438890	1	99	484
1438805	1438890	1	99	485
1438805	1438890	1	99	486
1438805	1438890	1	99	488
1438805	1438890	1	99	489
1438809	1438890	1	99	478
1439604	1439824	1	99	486
1439714	1439824	1	99	482
1439959	1440251	1	99	480
1439966	1440251	1	99	489
1440017	1440231	1	99	482
1440017	1440239	1	99	483
1440017	1440251	1	99	478
1440017	1440251	1	99	479
1440017	1440251	1	99	481
1440017	1440251	1	99	484
1440017	1440251	1	99	486
1440017	1440492	1	99	485
1440024	1440251	1	99	488
1440347	1440481	1	99	483
1440347	1440488	1	99	480
1440347	1440491	1	99	481
1440347	1440492	1	99	478
1440347	1440492	1	99	484
1440347	1440492	1	99	486
1440347	1440492	1	99	487
1440347	1440492	1	99	488
1440347	1440492	1	99	489
1440347	1440582	1	99	479
1440837	1441936	1	100	490
1446299	1446339	1	101	491
1450147	1450336	1	101	492
1450147	1450336	1	101	493
1450147	1450336	1	101	494
1450154	1450328	1	101	495
1450293	1450336	1	101	496
1451287	1453140	1	101	497
1452196	1452316	1	101	498
1452982	1453140	1	101	491
1452982	1453140	1	101	492
1452982	1453140	1	101	493
1452982	1453140	1	101	494
1452982	1453140	1	101	495
1452982	1453140	1	101	496
1452982	1453140	1	101	498
1453245	1453335	1	101	491
1453245	1453335	1	101	492
1453245	1453335	1	101	493
1453245	1453335	1	101	494
1453245	1453335	1	101	495
1453245	1453335	1	101	496
1453245	1453335	1	101	497
1453245	1453335	1	101	498
1453429	1453609	1	101	491
1453429	1453609	1	101	492
1453429	1453609	1	101	493
1453429	1453609	1	101	494
1453429	1453609	1	101	496
1453429	1453609	1	101	497
1453429	1453612	1	101	495
1453429	1453612	1	101	498
1455147	1455246	1	101	494
1455147	1455255	1	101	491
1455147	1455255	1	101	492
1455147	1455255	1	101	493
1455147	1455255	1	101	496
1455147	1455255	1	101	497
1455382	1455498	1	101	492
1455382	1455498	1	101	493
1455382	1455498	1	101	497
1455385	1455498	1	101	496
1456074	1456151	1	101	492
1456074	1456151	1	101	493
1456074	1456151	1	101	496
1456074	1456151	1	101	497
1456304	1456402	1	101	492
1456304	1456402	1	101	493
1456304	1456402	1	101	496
1456304	1456402	1	101	497
1456851	1457241	1	101	492
1456851	1457241	1	101	493
1456851	1457241	1	101	497
1456851	1458058	1	101	496
1457663	1458589	2	102	499
1457894	1458470	2	102	500
1457963	1458058	1	101	492
1457963	1458058	1	101	493
1457963	1458058	1	101	497
1460179	1460318	1	101	492
1460179	1460318	1	101	493
1460179	1460318	1	101	496
1460179	1460318	1	101	497
1460211	1460318	1	101	494
1460778	1460855	1	101	492
1460778	1460855	1	101	493
1460778	1460855	1	101	494
1460778	1460855	1	101	496
1460778	1460855	1	101	497
1461035	1461151	1	101	492
1461035	1461151	1	101	493
1461035	1461151	1	101	494
1461035	1461151	1	101	496
1461035	1461151	1	101	497
1461141	1461822	2	103	501
1461961	1462175	1	101	492
1461961	1462175	1	101	493
1461961	1462175	1	101	494
1461961	1462175	1	101	496
1461961	1462175	1	101	497
1462709	1462763	2	102	500
1465153	1465407	1	101	492
1465153	1465416	1	101	496
1465153	1473236	1	101	497
1465153	1473242	1	101	493
1465153	1473242	1	101	494
1473199	1475256	2	103	502
1473202	1475052	2	103	503
1474153	1475256	2	103	504
1474170	1476483	2	103	505
1474184	1475512	2	103	506
1474194	1475256	2	103	507
1474477	1475237	2	103	508
1474882	1475256	2	103	509
1474883	1475256	2	103	510
1475144	1475256	2	103	503
1475902	1476292	2	103	511
1478411	1478578	2	103	512
1478433	1478903	2	103	513
1478652	1478903	2	103	504
1478772	1478895	2	103	508
1478772	1478903	2	103	501
1478772	1478903	2	103	502
1478772	1478903	2	103	503
1478772	1478903	2	103	509
1478772	1478903	2	103	510
1478772	1478903	2	103	511
1478772	1478903	2	103	512
1478772	1478903	2	103	514
1478772	1478914	2	103	506
1478772	1479116	2	103	507
1479061	1479175	2	103	514
1479112	1479132	2	103	513
1479112	1479181	2	103	509
1479138	1479179	2	103	510
1479161	1479192	2	103	503
1479161	1479199	2	103	501
1479161	1479211	2	103	511
1479161	1479214	2	103	504
1479161	1479217	2	103	512
1479161	1479554	2	103	502
1481426	1482205	2	104	515
1481426	1482205	2	104	516
1481426	1482205	2	104	517
1481426	1482205	2	104	518
1481984	1482205	2	104	519
1482351	1482473	2	104	516
1482351	1482473	2	104	517
1482351	1482473	2	104	518
1482351	1482665	2	104	519
1482400	1482473	2	104	515
1482409	1482473	2	104	520
1482437	1482473	2	104	521
1482894	1483018	2	104	515
1482894	1483018	2	104	517
1482894	1483018	2	104	520
1482894	1483018	2	104	521
1483282	1483461	2	104	515
1483282	1483461	2	104	516
1483282	1483461	2	104	517
1483282	1483461	2	104	518
1483282	1483461	2	104	520
1483282	1483461	2	104	521
1483496	1483939	2	104	522
1483648	1483765	2	104	515
1483648	1483765	2	104	516
1483648	1483765	2	104	517
1483648	1483765	2	104	520
1483648	1483842	2	104	521
1483648	1483939	2	104	518
1483836	1483939	2	104	515
1483836	1483939	2	104	516
1483836	1483939	2	104	517
1483836	1483939	2	104	520
1484025	1484125	2	104	515
1484025	1484125	2	104	516
1484025	1484125	2	104	517
1484025	1484125	2	104	518
1484025	1484125	2	104	520
1484025	1484125	2	104	522
1484534	1484584	1	105	527
1484912	1485272	1	105	527
1486851	1486971	2	104	515
1486851	1487063	2	104	516
1486851	1487063	2	104	517
1486851	1487311	2	104	518
1486851	1487311	2	104	520
1487139	1487311	2	104	515
1487139	1487311	2	104	516
1487139	1487311	2	104	517
1487196	1487311	2	104	523
1487216	1487311	2	104	524
1487601	1487689	2	104	517
1487782	1487859	2	104	525
1487783	1487859	2	104	515
1487783	1487859	2	104	516
1487783	1487859	2	104	517
1487783	1487859	2	104	518
1487783	1487859	2	104	520
1487783	1487859	2	104	523
1487783	1487859	2	104	524
1487961	1488090	2	104	526
1487962	1488090	2	104	515
1487962	1488090	2	104	516
1487962	1488090	2	104	517
1487962	1488090	2	104	518
1487962	1488090	2	104	520
1487962	1488090	2	104	523
1487962	1488090	2	104	524
1487962	1488090	2	104	525
1488186	1488278	2	104	515
1488186	1488278	2	104	516
1488186	1488278	2	104	517
1488186	1488278	2	104	518
1488186	1488278	2	104	520
1488186	1488278	2	104	523
1488186	1488278	2	104	524
1488186	1488278	2	104	525
1488186	1488278	2	104	526
1489591	1489693	2	104	526
1489791	1489895	2	104	515
1489791	1489895	2	104	517
1489791	1489895	2	104	520
1489791	1489895	2	104	524
1489791	1489895	2	104	525
1489791	1489895	2	104	526
1489791	1490340	2	104	516
1489791	1490409	2	104	518
1490156	1490333	2	104	515
1490156	1490403	2	104	520
1490156	1490403	2	104	524
1490156	1490406	2	104	517
1490421	1490444	2	104	526
1490601	1490735	2	104	525
1490601	1490750	2	104	523
1491164	1491382	1	106	528
1491191	1491382	1	106	529
1495292	1495385	1	106	528
1495292	1495385	1	106	529
1495361	1495385	1	106	530
1495467	1495605	1	106	528
1495467	1495605	1	106	530
1495467	1496179	1	106	529
1495474	1495605	1	106	531
1496283	1496451	1	106	528
1496283	1496451	1	106	530
1496283	1496451	1	106	531
1496589	1496669	1	106	530
1496589	1496669	1	106	531
1497172	1497320	1	106	531
1497172	1497368	1	106	530
1497172	1497925	1	106	528
1497640	1497719	1	106	531
1505016	1506314	2	107	532
1505022	1506314	2	107	533
1505039	1505198	2	107	534
1505813	1506314	2	107	534
1505865	1506306	2	107	535
1505865	1506306	2	107	537
1505865	1506314	2	107	536
1505929	1506314	2	107	538
1506588	1506659	2	107	532
1506588	1506659	2	107	533
1506588	1506659	2	107	534
1506588	1506659	2	107	536
1506588	1506659	2	107	538
1506633	1506926	2	107	539
1506737	1506769	2	107	534
1506737	1506926	2	107	532
1506737	1506926	2	107	533
1506737	1506926	2	107	535
1506737	1506926	2	107	536
1506737	1506926	2	107	537
1506737	1506926	2	107	538
1506737	1506926	2	107	540
1507240	1507403	2	107	532
1507240	1507403	2	107	533
1507240	1507403	2	107	535
1507240	1507403	2	107	536
1507240	1507403	2	107	537
1507240	1507403	2	107	538
1507240	1507403	2	107	540
1507240	1507420	2	107	539
1507290	1507403	2	107	541
1507543	1507594	2	107	540
1507555	1507641	2	107	532
1507555	1507641	2	107	533
1507555	1507641	2	107	535
1507555	1507641	2	107	536
1507555	1507641	2	107	537
1507555	1507641	2	107	538
1507555	1507641	2	107	541
1507996	1508107	2	107	532
1507996	1508107	2	107	533
1507996	1508107	2	107	535
1507996	1508107	2	107	536
1507996	1508107	2	107	537
1507996	1508107	2	107	538
1507996	1508107	2	107	541
1507996	1508107	2	107	542
1508380	1508759	1	108	545
1508441	1508568	2	107	532
1508441	1508568	2	107	533
1508441	1508568	2	107	535
1508441	1508568	2	107	536
1508441	1508568	2	107	537
1508441	1508568	2	107	538
1508441	1508568	2	107	542
1508441	1508906	2	107	541
1508892	1508961	1	108	545
1510148	1510220	2	107	541
1510148	1510256	2	107	532
1510148	1510256	2	107	533
1510148	1510256	2	107	535
1510148	1510256	2	107	536
1510148	1510256	2	107	537
1510148	1510256	2	107	538
1510148	1510256	2	107	542
1510148	1510256	2	107	543
1510148	1510256	2	107	544
1510366	1510426	2	107	532
1510366	1510426	2	107	533
1510366	1510426	2	107	535
1510366	1510426	2	107	536
1510366	1510426	2	107	537
1510366	1510426	2	107	538
1510366	1510426	2	107	542
1510366	1510426	2	107	543
1510366	1510426	2	107	544
1510637	1510728	2	107	532
1510637	1510728	2	107	533
1510637	1510728	2	107	538
1510637	1510728	2	107	542
1510637	1510728	2	107	543
1510637	1510728	2	107	544
1510637	1510731	2	107	535
1510637	1510731	2	107	536
1510637	1510731	2	107	537
1510843	1510915	2	107	532
1510843	1510915	2	107	535
1510843	1510915	2	107	536
1510843	1510915	2	107	538
1510843	1510915	2	107	542
1510843	1510915	2	107	543
1510843	1510915	2	107	544
1510843	1510950	2	107	537
1510843	1511158	2	107	533
1511034	1511134	2	107	535
1511074	1511134	2	107	536
1511623	1511678	2	107	532
1511623	1511725	2	107	542
1511623	1511725	2	107	544
1511623	1511770	2	107	538
1512961	1513017	2	107	538
1512961	1513017	2	107	542
1512961	1513187	2	107	533
1512961	1513555	2	107	543
1513467	1513602	2	107	544
1524072	1524244	1	109	546
1524957	1525416	1	109	547
1525303	1525416	1	109	546
1525593	1525709	1	109	546
1525593	1525709	1	109	547
1526484	1526613	1	109	546
1526484	1526613	1	109	547
1526702	1526789	1	109	546
1526702	1526789	1	109	547
1526901	1526996	1	109	546
1526901	1526996	1	109	547
1527932	1528132	1	109	548
1527934	1528132	1	109	546
1527934	1528132	1	109	547
1528300	1528426	1	109	546
1528300	1528426	1	109	547
1528300	1528426	1	109	548
1528335	1528426	1	109	549
1528896	1528972	1	109	546
1528896	1528972	1	109	547
1528896	1528972	1	109	548
1528896	1529046	1	109	549
1529404	1529488	1	109	546
1529404	1529488	1	109	547
1529404	1529488	1	109	548
1529745	1529822	1	109	546
1529745	1529822	1	109	547
1529745	1529822	1	109	548
1531736	1531881	1	109	546
1531736	1531881	1	109	547
1531736	1531881	1	109	548
1533929	1534039	1	109	546
1533929	1534039	1	109	547
1535063	1535248	1	109	548
1535063	1535454	1	109	546
1535063	1535454	1	109	547
1553979	1554030	2	110	550
1554667	1556921	2	111	551
1554668	1555387	2	111	552
1554671	1555387	2	111	553
1555575	1556921	2	111	552
1555575	1556921	2	111	553
1556603	1556684	1	112	554
1567462	1567528	2	111	553
1567462	1568056	2	111	551
1567462	1568056	2	111	552
1570573	1570858	2	113	555
1573594	1575473	2	114	556
1576638	1578536	2	115	557
1576670	1578156	2	115	558
1576676	1578156	2	115	559
1576677	1578536	2	115	560
1578010	1578156	2	115	561
1578333	1578536	2	115	558
1578333	1578536	2	115	559
1578333	1578536	2	115	561
1578337	1578536	2	116	568
1578443	1578536	2	115	562
1581090	1581267	2	115	557
1581090	1581267	2	115	558
1581090	1581267	2	115	559
1581090	1581267	2	115	560
1581090	1581267	2	115	561
1581090	1581267	2	116	568
1581090	1581728	2	115	562
1581106	1581267	2	115	563
1581157	1581267	2	115	564
1581788	1582321	2	117	569
1582323	1582710	2	115	565
1582596	1582710	2	115	566
1582620	1582710	2	115	557
1582620	1582710	2	115	558
1582620	1582710	2	115	559
1582620	1582710	2	115	560
1582620	1582710	2	115	561
1582620	1582710	2	115	563
1582620	1582710	2	115	564
1582620	1582710	2	116	568
1583251	1583378	2	115	563
1584538	1584571	2	115	563
1584538	1584675	2	115	557
1584538	1584675	2	115	558
1584538	1584675	2	115	559
1584538	1584675	2	115	560
1584538	1584675	2	115	564
1584538	1584675	2	115	566
1584538	1584675	2	116	568
1584538	1584929	2	115	565
1584538	1584952	2	115	561
1585053	1585212	2	115	558
1585053	1585212	2	115	559
1585053	1585212	2	115	560
1585053	1585212	2	115	564
1585053	1585212	2	115	566
1585053	1585212	2	116	568
1585053	1585528	2	115	557
1585055	1585212	2	115	567
1585903	1586360	2	115	566
1591983	1592390	2	115	567
1592275	1592357	2	115	564
1592520	1592651	2	115	560
1592520	1592759	2	115	558
1592616	1592881	2	115	559
1597170	1598213	2	118	570
1598047	1598213	2	118	571
1598047	1598213	2	118	573
1598047	1598324	2	118	572
1598919	1599558	2	118	574
1599410	1599558	2	116	568
1599410	1599558	2	118	570
1599410	1599558	2	118	571
1599410	1599558	2	118	572
1599410	1599558	2	118	573
1602035	1602127	2	118	571
1602292	1602424	2	118	573
1605358	1605434	2	118	572
1605358	1605441	2	118	573
1605358	1605443	2	116	568
1605358	1605470	2	118	574
1605358	1605479	2	118	570
1609290	1609597	2	119	575
1609292	1611847	2	119	576
1609292	1611847	2	119	577
1609470	1609597	2	119	578
1609548	1610498	2	119	579
1610189	1610498	2	119	580
1610965	1611367	2	119	581
1611055	1611847	2	119	582
1611247	1611367	2	119	584
1611247	1611847	2	119	583
1611508	1611847	2	119	585
1611702	1611847	2	119	575
1611702	1611847	2	119	578
1611702	1611847	2	119	579
1611702	1611847	2	119	580
1611702	1611847	2	119	581
1611702	1611847	2	119	584
1611753	1611847	2	119	586
1611804	1611847	2	119	587
1612205	1612428	2	119	579
1612205	1612428	2	119	585
1612205	1612431	2	119	575
1612205	1612431	2	119	577
1612205	1612431	2	119	582
1612205	1612431	2	119	584
1612205	1612431	2	119	587
1615283	1615483	2	119	575
1615283	1615483	2	119	586
1615283	1615513	2	119	587
1615283	1615518	2	119	576
1615283	1615518	2	119	578
1615283	1615518	2	119	580
1615283	1615518	2	119	581
1615283	1615819	2	119	583
1615684	1615739	2	119	582
1615684	1615796	2	119	575
1615684	1615796	2	119	578
1615684	1615796	2	119	585
1615684	1615796	2	119	586
1615684	1615819	2	119	576
1615684	1615819	2	119	577
1615684	1615819	2	119	579
1615684	1615819	2	119	580
1615684	1615819	2	119	581
1615684	1615819	2	119	584
1615684	1615819	2	119	587
1615789	1615819	2	119	588
1615790	1615819	2	119	589
1616490	1616593	2	120	593
1619108	1619232	2	119	590
1619109	1619133	2	119	580
1619109	1619148	2	119	587
1619109	1619207	2	119	581
1619109	1619232	2	119	576
1619109	1619232	2	119	577
1619109	1619232	2	119	579
1619109	1619232	2	119	583
1619109	1619232	2	119	584
1619109	1619232	2	119	589
1619109	1619472	2	119	588
1619314	1619469	2	119	589
1619314	1619472	2	119	576
1619314	1619472	2	119	577
1619314	1619472	2	119	579
1619314	1619472	2	119	583
1619314	1619472	2	119	584
1619778	1619851	2	119	576
1619778	1619851	2	119	577
1619778	1619851	2	119	579
1619778	1619851	2	119	583
1619778	1619851	2	119	584
1619778	1619851	2	119	590
1619778	1619853	2	119	588
1620966	1620993	2	119	589
1620966	1621044	2	119	576
1620966	1621044	2	119	577
1620966	1621044	2	119	579
1620966	1621044	2	119	583
1620966	1621044	2	119	584
1620966	1621045	2	119	590
1621131	1621189	2	119	576
1621131	1621189	2	119	577
1621131	1621189	2	119	579
1621131	1621189	2	119	583
1621131	1621189	2	119	584
1621836	1621968	2	119	576
1621836	1621968	2	119	577
1621836	1621968	2	119	579
1621836	1621968	2	119	583
1621836	1621968	2	119	584
1622052	1622221	2	119	576
1622052	1622221	2	119	577
1622052	1622221	2	119	579
1622052	1622221	2	119	583
1622052	1622221	2	119	584
1622311	1622413	2	119	576
1622311	1622413	2	119	577
1622311	1622413	2	119	579
1622311	1622413	2	119	583
1622311	1622413	2	119	584
1623946	1623998	2	119	591
1623949	1623998	2	119	576
1623949	1623998	2	119	577
1623949	1623998	2	119	579
1623949	1623998	2	119	583
1623949	1623998	2	119	584
1625574	1625706	2	119	576
1625574	1625706	2	119	577
1625574	1625706	2	119	579
1625574	1625706	2	119	583
1625574	1625706	2	119	584
1625574	1625706	2	119	591
1627357	1627419	2	119	579
1627357	1627424	2	119	576
1627357	1627424	2	119	577
1627357	1627424	2	119	583
1627357	1627424	2	119	584
1627357	1627424	2	119	591
1631945	1632039	2	119	579
1631949	1632114	2	119	591
1632036	1632114	2	119	576
1632036	1632114	2	119	577
1632036	1632114	2	119	584
1632049	1632114	2	119	592
1632330	1632403	2	119	576
1632330	1632403	2	119	577
1632330	1632403	2	119	584
1632330	1632403	2	119	591
1632330	1632403	2	119	592
1646353	1646425	2	119	576
1646353	1646425	2	119	577
1646353	1646425	2	119	583
1646353	1646425	2	119	584
1646353	1646425	2	119	591
1646353	1646425	2	119	592
1650175	1650274	2	119	583
1650175	1650285	2	119	576
1650175	1650285	2	119	577
1650175	1650285	2	119	591
1650175	1650285	2	119	592
1650175	1650743	2	119	584
1651048	1651354	2	119	592
1652298	1652325	2	119	577
1652298	1652589	2	119	591
1652298	1652603	2	119	576
1748054	1748096	1	121	594
1748158	1748339	1	121	595
1748511	1748739	1	121	594
1748511	1748743	1	121	595
1752371	1754852	1	122	596
1775151	1780986	1	122	596
1782073	1783268	2	123	597
1782075	1783268	2	123	598
1782075	1783268	2	123	599
1783026	1783268	2	123	600
1784817	1784944	2	123	597
1784817	1784944	2	123	598
1784817	1784944	2	123	599
1784817	1784944	2	123	600
1785157	1785295	2	123	597
1785157	1785295	2	123	598
1785157	1785295	2	123	599
1785157	1785295	2	123	600
1785467	1785706	2	123	597
1785467	1785706	2	123	598
1785467	1785706	2	123	599
1785467	1785706	2	123	600
1785556	1785706	2	123	601
1787101	1787184	2	123	597
1787101	1787184	2	123	598
1787101	1787184	2	123	599
1787101	1787184	2	123	600
1787101	1787184	2	123	601
1788895	1789118	2	123	597
1788895	1789118	2	123	598
1788895	1789118	2	123	599
1788895	1789118	2	123	600
1788895	1789118	2	123	601
1789359	1789612	2	123	598
1789359	1789725	2	123	597
1789359	1789725	2	123	599
1789359	1789725	2	123	600
1789359	1789725	2	123	601
1789888	1789987	2	123	597
1789888	1789987	2	123	598
1789888	1789987	2	123	599
1789888	1789987	2	123	600
1790755	1790815	2	123	601
1790755	1790830	2	123	597
1790755	1790830	2	123	598
1790755	1790830	2	123	599
1790755	1790830	2	123	600
1791748	1791859	2	123	597
1791748	1791859	2	123	598
1791748	1791859	2	123	599
1791748	1791859	2	123	600
1791969	1792133	2	123	598
1791969	1792133	2	123	599
1791969	1792133	2	123	600
1791999	1792133	2	123	597
1795873	1795985	2	123	597
1795873	1795985	2	123	598
1795873	1795985	2	123	599
1795873	1795985	2	123	600
1796075	1796263	2	123	597
1796075	1796263	2	123	598
1796075	1796263	2	123	599
1796075	1796263	2	123	600
1796709	1796877	2	123	597
1796709	1796877	2	123	598
1796709	1796877	2	123	599
1796709	1796877	2	123	600
1796972	1797003	2	123	597
1796972	1797003	2	123	598
1796972	1797003	2	123	599
1796972	1797003	2	123	600
1798762	1800153	2	123	602
1798778	1800153	2	123	603
1799945	1800153	2	123	597
1799945	1800153	2	123	598
1799945	1800153	2	123	599
1799945	1800153	2	123	600
1800257	1800447	2	123	597
1800257	1800447	2	123	598
1800257	1800447	2	123	599
1800257	1800447	2	123	600
1800257	1800447	2	123	602
1800257	1800447	2	123	603
1801954	1802042	2	123	597
1801954	1802042	2	123	598
1801954	1802042	2	123	599
1801954	1802042	2	123	602
1801954	1802042	2	123	603
1801954	1802060	2	123	600
1802485	1802643	2	123	597
1802485	1802643	2	123	598
1802485	1802643	2	123	599
1802485	1802643	2	123	600
1802485	1802643	2	123	602
1802485	1802643	2	123	603
1805188	1805277	2	123	604
1805372	1805454	2	123	597
1805372	1805454	2	123	598
1805372	1805454	2	123	599
1805372	1805454	2	123	600
1805372	1805454	2	123	602
1805372	1805454	2	123	603
1805372	1805454	2	123	604
1805886	1805956	2	123	597
1805886	1805956	2	123	598
1805886	1805956	2	123	599
1805886	1805956	2	123	600
1805886	1805956	2	123	603
1805886	1805956	2	123	604
1805886	1806158	2	123	602
1806095	1806167	2	123	597
1806095	1806167	2	123	599
1806095	1806167	2	123	600
1806095	1806167	2	123	603
1806095	1806167	2	123	604
1806095	1806506	2	123	598
1806626	1806687	2	123	597
1806626	1806687	2	123	598
1806626	1806687	2	123	599
1806626	1806687	2	123	600
1806626	1806687	2	123	603
1806626	1806687	2	123	604
1807166	1807264	2	123	597
1807166	1807264	2	123	598
1807166	1807264	2	123	599
1807166	1807264	2	123	600
1807166	1807264	2	123	603
1807166	1807264	2	123	604
1807166	1807264	2	123	605
1808220	1808333	2	123	597
1808220	1808333	2	123	598
1808220	1808333	2	123	599
1808220	1808333	2	123	600
1808220	1808333	2	123	603
1808220	1808333	2	123	604
1808220	1808333	2	123	605
1809641	1809732	2	123	597
1809641	1809732	2	123	598
1809641	1809732	2	123	599
1809641	1809732	2	123	600
1809641	1809732	2	123	603
1809641	1809732	2	123	604
1809641	1809732	2	123	605
1810620	1810681	2	123	597
1810620	1810681	2	123	598
1810620	1810681	2	123	599
1810620	1810681	2	123	600
1810620	1810681	2	123	603
1810620	1810681	2	123	604
1810620	1810681	2	123	605
1811487	1811622	2	123	604
1811487	1811664	2	123	600
1811487	1811664	2	123	603
1811487	1811882	2	123	597
1811487	1811882	2	123	599
1811487	1811882	2	123	605
1811599	1811882	2	123	598
1812066	1812198	2	123	600
1812066	1812235	2	123	605
1812184	1812269	2	123	599
1812184	1812274	2	123	597
1812184	1812274	2	123	598
1812184	1812274	2	123	603
1815247	1815584	1	124	606
1815247	1816152	2	125	607
1815763	1815871	1	124	606
1816037	1816152	2	125	608
1816092	1816567	2	125	609
1816157	1816236	2	126	614
1816223	1816343	2	125	607
1816223	1816385	2	125	608
1816427	1816567	2	125	610
1816429	1816567	2	125	607
1816696	1816763	2	125	609
1816696	1816811	2	125	607
1816696	1816811	2	125	610
1817177	1817327	2	125	611
1817217	1817327	2	125	607
1817217	1817456	2	125	610
1817705	1817778	2	125	607
1817705	1817778	2	125	610
1817705	1817778	2	125	611
1818480	1818593	2	125	607
1818480	1818593	2	125	610
1818480	1818593	2	125	611
1818556	1818593	2	125	612
1818704	1818733	2	125	611
1818704	1818841	2	125	607
1818704	1818841	2	125	610
1818704	1818841	2	125	612
1819016	1819129	2	125	607
1819016	1819129	2	125	610
1819016	1819129	2	125	612
1819932	1819961	2	125	610
1819932	1820055	2	125	607
1819932	1820178	2	125	612
1820262	1820393	2	125	607
1820262	1820393	2	125	612
1821517	1821565	2	125	612
1821517	1821680	2	125	607
1822087	1823255	1	127	615
1822144	1824543	1	127	616
1822559	1822690	1	127	617
1823013	1823152	1	127	617
1823198	1823255	1	127	618
1823570	1823783	2	125	607
1823621	1823714	1	127	615
1823621	1823714	1	127	618
1824107	1824541	1	127	615
1824216	1824540	1	127	618
1825837	1825941	2	125	607
1826876	1828629	2	125	607
1827646	1828629	2	125	613
1830704	1830864	2	125	613
1848200	1848444	2	125	613
1848200	1848451	2	125	607
1852397	1852448	1	128	619
1852398	1852593	2	129	620
1852399	1854758	2	129	621
1853190	1853620	1	128	619
1854279	1854758	2	129	620
1854316	1854758	2	129	622
1860248	1860442	1	130	623
1861472	1861632	1	130	623
1861767	1862017	1	130	623
1862792	1862856	2	129	622
1863039	1863495	2	129	620
1863039	1863566	2	129	621
1874880	1876167	2	131	624
1875014	1875207	1	132	625
1875604	1875990	1	132	625
1876808	1877423	2	133	626
1876974	1877423	2	133	627
1876975	1877423	2	133	628
1876975	1877423	2	133	629
1876977	1877423	2	133	630
1877202	1877423	2	133	631
1877506	1877645	2	133	630
1877506	1877685	2	133	626
1877506	1877685	2	133	627
1877506	1877685	2	133	629
1877506	1877685	2	133	631
1877506	1880113	2	133	628
1878662	1878902	2	133	631
1878662	1880113	2	133	629
1879919	1880015	2	133	631
1879919	1880059	2	133	630
1879919	1880113	2	133	626
1879919	1880113	2	133	627
1880894	1881046	2	133	627
1881233	1881583	2	133	630
1881233	1881802	2	133	626
1881233	1881802	2	133	627
1881233	1883798	2	133	628
1881233	1883798	2	133	629
1885350	1885431	2	133	627
1885350	1885545	2	133	626
1905212	1905437	1	134	632
1905370	1905437	1	134	633
1905376	1905437	1	134	634
1905376	1905437	1	135	644
1905389	1905437	1	134	635
1905397	1905437	1	134	636
1905398	1907182	1	134	637
1905402	1905437	1	134	638
1905416	1905437	1	135	645
1908017	1908633	1	135	646
1908262	1908633	1	134	639
1908279	1908633	1	134	640
1911888	1912253	1	135	646
1911888	1913443	1	135	644
1911888	1913443	1	135	645
1913088	1913445	1	134	641
1914977	1915024	1	134	632
1914977	1915024	1	134	633
1914977	1915024	1	134	635
1914977	1915024	1	134	636
1914977	1915024	1	134	638
1914977	1915024	1	134	639
1914977	1915024	1	134	641
1915430	1915542	1	134	635
1917692	1917820	1	134	632
1917692	1917820	1	134	633
1917692	1917820	1	134	634
1917692	1917820	1	134	635
1917692	1917820	1	134	636
1917692	1917820	1	134	638
1917692	1917820	1	134	639
1917692	1917820	1	134	640
1917692	1917820	1	134	641
1918125	1918187	1	134	640
1918125	1918281	1	134	632
1918125	1918281	1	134	633
1918125	1918281	1	134	634
1918125	1918281	1	134	635
1918125	1918281	1	134	636
1918125	1918281	1	134	638
1918125	1918281	1	134	639
1918642	1918657	1	134	642
1918887	1918959	1	134	635
1918887	1918963	1	134	639
1918887	1918988	1	134	632
1918887	1918988	1	134	634
1918887	1918988	1	134	636
1918887	1919202	1	134	633
1920646	1920741	1	134	636
1921739	1922154	1	134	642
1922131	1923185	1	134	643
1923068	1923185	1	134	632
1923068	1923185	1	134	634
1923068	1923185	1	134	638
1924106	1924146	1	134	634
1924106	1926004	1	134	643
1924106	1926010	1	134	638
1924106	1926015	1	134	632
1925184	1925909	1	136	647
1925911	1926008	1	136	647
1941187	1941416	1	137	648
1941202	1941416	1	137	649
1942463	1942611	1	137	650
1949542	1950024	1	137	649
1952529	1953009	2	138	658
1952587	1953009	2	138	659
1953384	1953504	2	138	658
1953384	1953504	2	138	659
1953841	1954196	2	138	658
1953841	1954584	2	138	659
1954254	1954547	2	138	658
1954631	1954713	1	137	651
1959236	1959301	1	137	651
1968789	1968903	1	137	651
1969506	1969957	1	137	648
1969506	1969957	1	137	650
1969506	1969957	1	137	651
1969824	1969957	1	137	652
1974686	1974750	1	137	651
1978303	1978343	1	137	648
1978303	1978346	1	137	650
1978303	1978509	1	137	652
1978440	1978509	1	137	648
1978451	1978748	1	137	653
1978451	1978748	1	137	654
1978473	1978509	1	137	655
1978600	1978748	1	137	648
1978600	1978748	1	137	652
1978600	1978748	1	137	655
1978857	1979091	1	137	648
1978857	1979091	1	137	652
1978857	1979091	1	137	653
1978857	1979091	1	137	654
1978857	1979246	1	137	655
1979161	1979246	1	137	648
1979161	1979246	1	137	652
1979161	1979246	1	137	654
1979257	1979401	1	137	656
1979317	1979400	1	137	653
1979317	1979401	1	137	648
1979317	1979401	1	137	652
1979317	1979401	1	137	654
1979317	1979401	1	137	655
1979374	1979401	1	137	657
1979493	1979616	1	137	657
1979493	1979641	1	137	648
1979493	1979641	1	137	655
1979493	1979641	1	137	656
1979750	1979833	1	137	648
1979750	1979833	1	137	657
1979750	1979945	1	137	655
1979909	1980015	1	137	648
1979909	1980015	1	137	657
1980147	1981336	1	137	648
1985446	1986647	2	139	660
1985446	1986647	2	139	661
1985446	1986647	2	139	662
1986828	1986974	2	139	660
1986828	1986974	2	139	661
1986828	1986974	2	139	662
1987164	1987251	2	139	661
1987164	1987251	2	139	662
1987164	1988567	2	139	660
1987498	1987690	2	139	661
1987498	1987690	2	139	662
1990002	1990199	2	139	661
1990002	1990199	2	139	662
1990715	1990820	2	139	662
1990715	1991297	2	139	661
1993018	1993174	2	139	662
1997342	1997461	2	139	662
2015295	2015718	2	139	662
