3656
0	57	0
416	642	58
6241	6394	285
10823	10846	439
0	57	0
6241	6394	58
10823	10846	212
0	943	0
5395	5548	944
9977	10015	1098
0	4384	0
8813	8829	4385
0	392	0
2525	2678	393
7107	7130	547
0	168	0
1288	1324	169
0	311	0
524	594	312
0	225	0
524	677	226
5106	5123	380
0	172	0
0	153	0
4582	5189	154
0	153	0
5085	5222	154
0	153	0
4582	5261	154
0	974	0
0	485	0
1010	1113	486
1424	1557	590
0	488	0
799	933	489
0	137	0
0	563	0
666	870	564
1110	1470	769
0	301	0
541	870	302
0	894	0
0	18	0
1746	1852	19
0	936	0
0	84	0
3154	4225	85
0	917	0
0	327	0
0	936	0
0	271	0
10443	10475	272
15198	15304	305
0	1006	0
0	112	0
8447	8681	113
12359	12473	348
12821	13043	463
13231	13278	686
13986	14083	734
0	1781	0
1827	2814	1782
0	1472	0
1618	1957	1473
2100	2356	1813
0	411	0
0	378	0
0	182	0
2526	2723	183
0	1202	0
4380	4614	1203
0	103	0
0	69	0
444	525	70
0	102	0
0	86	0
0	675	0
0	497	0
1094	1270	498
1712	1769	675
6434	6711	733
6980	7131	1011
10245	10346	1163
0	192	0
789	965	193
1407	1464	370
6129	6406	428
6675	6826	706
9981	10048	858
0	149	0
746	922	150
1364	1421	327
6086	6363	385
6632	6783	663
9564	9782	815
0	319	0
761	818	320
5483	5645	378
0	590	0
859	1369	591
0	277	0
546	715	278
3811	3908	448
0	130	0
484	894	131
0	1136	0
1544	1961	1137
3002	3090	1555
3226	3350	1644
6270	6364	1769
6616	6697	1864
7917	8068	1946
20060	20129	2098
20932	21023	2168
21558	21681	2260
22289	22414	2384
28825	28967	2510
30508	30598	2653
39199	39218	2744
0	604	0
1212	1337	605
7748	7890	731
9431	9521	874
18122	18126	965
0	125	0
2400	2516	126
6536	6678	243
8219	8309	386
12650	12735	477
0	427	0
10659	10683	428
0	676	0
5315	5474	677
12549	12870	837
0	369	0
5008	5167	370
9148	9265	530
10574	10643	648
11413	11474	718
11883	11954	780
12242	12364	852
13606	13956	975
0	226	0
4865	5024	227
9005	9122	387
10431	10500	505
11270	11331	575
12099	12221	637
13463	13770	760
0	22	0
4003	4120	23
5429	5498	141
6268	6329	211
6738	7047	273
0	44	0
1101	1352	45
0	2963	0
3568	3701	2964
0	739	0
2340	3296	740
0	739	0
2340	2473	740
5563	6245	874
0	739	0
2340	2473	740
5563	5873	874
8514	8648	1185
14101	14164	1320
18126	18282	1384
19582	19708	1541
19797	19848	1668
20047	20100	1720
22135	22254	1774
22387	22447	1894
24279	24349	1955
43946	44413	2026
0	713	0
2314	2447	714
5537	5847	848
8488	8622	1159
14075	14138	1294
18100	18256	1358
19556	19682	1515
19771	20074	1642
22109	22228	1946
22361	22421	2066
24253	24775	2127
0	122	0
1723	1856	123
4946	5179	257
13484	13547	491
17509	17665	555
18965	19058	712
0	163	0
1463	1589	164
1678	1729	291
1928	1981	343
4016	4135	397
4268	4328	517
4531	4789	578
6160	6230	837
25827	25869	908
0	190	0
394	520	191
609	763	318
0	190	0
394	520	191
609	660	318
859	912	370
2947	3066	424
3199	3259	544
0	111	0
0	1018	0
4303	4416	1019
9048	9155	1133
11275	11637	1241
0	897	0
4182	4295	898
11154	11413	1012
0	218	0
3503	3616	219
8248	8485	333
0	863	0
12493	12753	864
15569	16166	1125
0	307	0
11495	11578	308
17330	17767	392
0	97	0
1379	1663	98
2042	2371	383
8291	8893	713
0	97	0
1379	1663	98
2042	2371	383
5215	5475	713
8291	8893	974
0	51	0
1996	2325	52
8245	8465	382
0	545	0
11590	12355	546
0	2872	0
0	394	0
4123	4209	395
4529	4626	482
5299	5433	580
9625	10378	715
0	339	0
4068	4154	340
4474	4946	427
0	48	0
3777	3863	49
4183	4280	136
4953	5087	234
9283	9525	369
0	86	0
406	441	87
5524	5748	123
0	86	0
406	503	87
1176	1310	185
5509	5748	320
0	196	0
4388	5135	197
0	153	0
4190	4258	154
4345	4432	223
4820	5103	311
0	137	0
1668	1758	138
1922	2022	229
0	33	0
120	366	34
0	92	0
3250	3402	93
4508	4643	246
4888	5151	382
5596	5697	646
0	92	0
3246	3402	93
4508	4643	250
4888	5151	386
5596	5885	650
0	412	0
4228	4533	413
0	419	0
4211	4367	420
4468	4507	577
0	313	0
4129	4285	314
4386	4423	471
0	214	0
4030	4186	215
4699	4805	372
0	282	0
9082	9164	283
9349	9485	366
10018	10294	503
11009	11033	780
11217	11285	805
11453	12196	874
0	274	0
8195	8351	275
9074	9156	432
9341	9477	515
10010	10286	652
11001	11025	929
11209	11277	954
11445	12188	1023
0	136	0
5209	5556	137
6935	7091	485
7814	7896	642
8081	8217	725
8750	9026	862
9741	9765	1139
9949	10017	1164
10185	10925	1233
0	129	0
6928	7407	130
0	129	0
6952	7084	130
7807	7889	263
8074	8210	346
8743	8804	483
0	123	0
6922	7078	124
7801	7883	281
8068	8204	364
8737	9013	501
9728	9752	778
9936	10004	803
10172	10915	872
0	105	0
5178	5616	106
0	105	0
6904	7060	106
7783	8099	263
0	93	0
4453	4609	94
5332	5414	251
5599	5735	334
6268	6355	471
0	88	0
2722	3069	89
4448	4577	437
0	165	0
4279	4435	166
5158	5240	323
5425	5554	406
0	808	0
1531	1613	809
1798	1934	892
2467	2743	1029
3458	3482	1306
3666	3734	1331
3902	4644	1400
0	684	0
13651	14074	685
15168	15329	1109
18071	18289	1271
20366	20512	1490
23355	23595	1637
23959	24123	1878
25902	27266	2043
0	1326	0
0	54	0
823	1273	55
0	100	0
196	257	101
347	432	163
554	626	249
1265	1363	322
1482	1537	421
1774	1887	477
1987	2073	591
2363	2542	678
2735	2857	858
3142	3264	981
3835	4623	1104
4926	5150	1893
5359	5529	2118
5598	5762	2289
6231	6380	2454
7496	7682	2604
7901	8031	2791
12317	12945	2922
15611	15715	3551
16202	16374	3656
0	99	0
195	256	100
346	431	162
553	764	248
0	96	0
192	253	97
343	1359	159
1478	1524	1176
0	54	0
150	211	55
301	533	117
0	45	0
141	202	46
292	377	108
499	592	194
1210	1308	288
1427	1468	387
0	246	0
549	773	247
982	1152	472
1221	1385	643
1854	2003	808
3119	3486	958
0	217	0
286	450	218
919	1068	383
2184	2370	533
2589	2719	720
0	142	0
1258	1444	143
1663	1751	330
6079	6707	419
0	463	0
0	180	0
399	784	181
0	69	0
2735	2839	70
3101	3426	175
0	310	0
2111	2309	311
2796	2875	510
0	432	0
0	1711	0
0	244	0
3340	3443	245
3538	3808	349
0	244	0
3340	3443	245
3515	3808	349
0	90	0
2057	2160	91
2232	2525	195
0	751	0
846	961	752
1356	1449	868
2153	2222	962
2708	2770	1032
4085	4329	1095
4707	4770	1340
5300	5358	1404
15521	15751	1463
0	747	0
842	957	748
1352	2218	864
2704	3064	1731
0	467	0
562	677	468
1072	1165	584
1869	1938	678
2424	2486	748
3801	4107	811
0	178	0
273	388	179
783	1020	295
0	41	0
745	814	42
1300	1362	112
2677	2981	175
3299	3362	480
3892	3950	544
14113	14260	603
0	69	0
555	617	70
1932	2105	133
2554	2617	307
3147	3205	371
11677	11723	430
0	69	0
555	617	70
2013	2176	133
2554	2617	297
3147	3205	361
13368	13554	420
0	470	0
848	911	471
1441	1499	535
11662	11799	594
0	245	0
623	686	246
1216	1274	310
11102	11280	369
0	212	0
623	686	213
1216	1274	277
11437	11551	336
0	200	0
623	686	201
1216	1274	265
11437	11588	324
0	526	0
10689	10805	527
0	1029	0
3730	4581	1030
0	134	0
1400	1585	135
3882	4097	321
4941	5168	537
5258	6993	765
0	129	0
3511	3936	130
0	35	0
2332	2547	36
3391	3618	252
3708	3731	480
3834	4112	504
0	22	0
2213	2428	23
3272	3499	239
3589	3733	467
0	455	0
1299	1722	456
0	59	0
618	845	60
935	1228	288
0	164	0
618	845	165
935	1490	393
0	128	0
582	1020	129
0	61	0
582	809	62
899	1058	290
0	401	0
1404	1667	402
6337	6481	666
9293	9449	811
9831	9939	968
0	794	0
0	198	0
17185	17236	199
18055	18135	251
18611	18741	332
22142	22292	463
25220	25241	614
27066	27125	636
37332	39375	696
0	176	0
17163	17214	177
18033	18415	229
0	54	0
17041	17092	55
17911	17991	107
18467	18597	188
21998	22148	319
25076	25951	470
0	50	0
17037	17088	51
17907	17987	103
18463	18593	184
21994	22144	315
25072	25093	466
26918	26977	488
31251	31382	548
37184	39228	680
0	579	0
7060	7095	580
0	403	0
3634	3685	404
4504	4584	456
0	51	0
870	950	52
1426	1556	133
4957	5107	264
8035	8056	415
9881	10001	437
0	78	0
3309	3459	79
6387	6408	230
8233	8292	252
12566	12697	312
18499	19512	444
0	34	0
989	1048	35
5322	5453	95
11255	11741	227
0	31	0
986	1045	32
11252	11738	92
0	55	0
964	1023	56
5297	5428	116
11230	11554	248
0	45	0
5764	7600	46
8783	8913	1883
10499	10537	2014
12375	13193	2053
0	860	0
0	575	0
2060	2193	576
0	534	0
1991	2284	535
0	387	0
0	430	0
2338	2368	431
6486	6561	462
6961	7133	538
7217	7363	711
7457	7627	858
7754	7864	1029
7938	8112	1140
8417	8494	1315
9333	9481	1393
10794	10827	1542
11285	11377	1576
11471	11687	1669
13468	13545	1886
13619	15245	1964
0	113	0
2021	2051	114
10477	10510	145
10968	11060	179
11154	11370	272
13151	13228	489
13302	14935	567
0	80	0
1988	2018	81
6136	6211	112
6611	7013	188
7107	7157	591
0	80	0
1988	2018	81
6136	6211	112
6611	6783	188
6867	7013	361
7107	7277	508
7404	7514	679
7588	7762	790
8983	9131	965
10444	10477	1114
10935	11027	1148
11121	11337	1241
13118	13195	1458
13269	14895	1536
0	78	0
6134	6209	79
6609	6781	155
6865	7011	328
7105	7275	475
7402	7512	646
0	77	0
1985	2015	78
6133	6208	109
6608	6780	185
6864	7010	358
7104	7274	505
7401	7511	676
7585	10474	787
10932	11024	3677
11118	11334	3770
13115	13192	3987
13266	13861	4065
0	73	0
1981	2011	74
6129	6204	105
6604	6776	181
6860	7270	354
0	53	0
1961	1991	54
6109	6184	85
6584	6756	161
6840	6986	334
7080	7250	481
7377	7487	652
7561	7735	763
8061	8117	938
8956	9104	995
10417	10450	1144
10908	11000	1178
11094	11310	1271
13091	13168	1488
13242	14868	1566
0	43	0
1951	1981	44
6099	6174	75
6574	6746	151
6830	6976	324
7079	7240	471
7367	7477	633
0	19	0
1927	1957	20
10874	11276	51
0	117	0
985	1015	118
5133	5208	149
5608	5655	225
0	61	0
461	1127	62
1254	1364	729
1438	1566	840
0	79	0
206	316	80
390	564	191
869	946	366
1785	1933	444
3757	3829	593
3923	4023	666
0	329	0
1550	1802	330
0	21	0
95	269	22
574	1118	197
0	61	0
0	68	0
394	926	69
0	61	0
900	1520	62
0	332	0
790	882	333
976	1163	426
0	593	0
687	808	594
0	167	0
261	477	168
2258	2335	385
2409	2736	463
0	1377	0
1916	2231	1378
2368	2563	1694
2668	2809	1890
3148	3333	2032
8967	9067	2218
9397	9434	2319
0	1377	0
1916	2089	1378
2174	2231	1552
2368	2563	1610
2668	2809	1806
3148	3333	1948
8967	9067	2134
9397	9449	2235
0	69	0
0	137	0
676	813	138
934	991	276
0	141	0
480	665	142
6299	6781	328
0	100	0
3133	3289	101
4465	4609	258
5611	6920	403
0	78	0
404	560	79
1736	1880	236
2882	3115	381
3890	4191	615
0	106	0
2498	2663	107
2930	3071	273
5184	5414	415
6836	7212	646
0	285	0
552	693	286
2806	3036	428
4458	4834	659
0	20	0
1195	1381	21
1862	2018	208
2248	2389	365
4550	4780	507
4944	5228	738
0	104	0
585	741	105
971	1112	262
3273	3503	404
3667	3951	635
0	291	0
1164	1320	292
1408	1552	449
2246	2503	594
3639	4000	852
0	75	0
927	1083	76
1171	1315	233
2009	2266	378
3402	3548	636
0	537	0
901	984	538
3075	3291	622
3964	4156	839
5487	5620	1032
7282	7492	1166
9012	9218	1377
11975	12186	1584
13597	13752	1796
16941	17046	1952
17808	18239	2058
21676	21845	2490
22175	22282	2660
23001	23187	2768
25124	25256	2955
0	536	0
900	983	537
3074	3290	621
5486	5619	838
7281	7491	972
9011	9217	1183
11974	12185	1390
13596	13751	1602
16940	17045	1758
17807	17946	1864
0	288	0
453	536	289
900	983	373
3074	3290	457
3963	4155	674
5486	5619	867
7281	7491	1001
9011	9217	1212
11974	12185	1419
13596	13751	1631
16940	17045	1787
17807	18238	1893
21675	21844	2325
22174	22281	2495
23000	23168	2603
0	536	0
900	983	537
3074	3290	621
3963	4155	838
4950	5046	1031
5486	5619	1128
7281	7491	1262
9011	9217	1473
11974	12185	1680
13596	13751	1892
16940	17045	2048
17807	18238	2154
21675	21844	2586
22174	22281	2756
23000	23186	2864
25123	25253	3051
0	536	0
900	983	537
3074	3290	621
3643	3699	838
3963	4155	895
5486	5619	1088
7281	7491	1222
9011	9217	1433
11974	12185	1640
13596	13751	1852
16940	17045	2008
17807	18238	2114
21675	21844	2546
22174	22281	2716
23000	23186	2824
25123	25255	3011
0	535	0
899	982	536
3073	3289	620
5485	5618	837
7280	7490	971
9010	9216	1182
11973	12184	1389
13595	13750	1601
16939	17044	1757
17806	18237	1863
21674	21843	2295
22173	22280	2465
22999	23185	2573
25122	25236	2760
0	287	0
452	535	288
899	982	372
3073	3289	456
3962	4154	673
5485	5618	866
7280	7490	1000
9010	9216	1211
11973	12184	1418
13595	13750	1630
16939	17044	1786
17806	18237	1892
21674	21843	2324
22173	22280	2494
22999	23185	2602
25122	25254	2789
0	46	0
1708	1808	47
17568	17612	148
0	46	0
1708	1918	47
6401	6612	258
8023	8178	470
11367	11472	626
12234	12665	732
16102	16271	1164
16601	16708	1334
17427	17612	1442
0	46	0
1708	1918	47
3438	3644	258
6401	6612	465
8023	8178	677
11367	11472	833
16102	16271	939
16601	16708	1109
17427	17612	1217
0	379	0
4315	4601	380
5141	5327	667
7264	7336	854
0	165	0
1363	1831	166
0	106	0
0	1037	0
2937	2992	1038
3098	3183	1094
3558	3643	1180
4326	4449	1266
4919	5043	1390
5473	5627	1515
16584	16728	1670
0	1012	0
2912	2967	1013
3073	3158	1069
3533	3618	1155
4301	4424	1241
5448	5602	1365
16559	16691	1520
0	986	0
2886	2941	987
3047	3132	1043
3507	3592	1129
4275	4398	1215
4868	4992	1339
5422	5513	1464
16533	16686	1556
0	42	0
417	502	43
1185	1592	129
0	70	0
753	876	71
1344	1470	195
1900	2358	322
2443	2551	781
13011	13134	890
0	132	0
602	726	133
1156	1310	258
1422	1614	413
12267	12384	606
0	129	0
599	723	130
1153	1307	255
1419	1611	410
1696	1804	603
12264	12381	712
0	639	0
11596	11660	640
0	459	0
2203	2249	460
0	396	0
1194	1318	397
2140	2275	522
2524	2756	658
2940	3665	891
0	243	0
1041	1165	244
1987	2122	369
2787	3207	505
0	139	0
3481	3717	140
0	59	0
3262	3896	60
6418	6742	695
34092	34164	1020
38248	38431	1093
38833	39080	1277
40572	40868	1525
42405	42503	1822
45878	49939	1921
0	135	0
3200	3446	136
0	231	0
463	560	232
0	467	0
584	685	468
0	233	0
27583	27655	234
31739	31922	307
32324	32571	491
35896	35998	739
0	269	0
925	997	270
5081	5264	343
5666	6103	527
0	321	0
1858	1956	322
5331	5517	421
0	81	0
1618	2008	82
0	76	0
788	1012	77
2691	2801	302
6588	6721	413
7049	7118	547
0	232	0
1534	1644	233
5431	5564	344
5892	6033	478
6521	6664	620
6750	6814	764
6896	7020	829
7624	7790	954
9688	9756	1121
9881	10238	1190
0	231	0
1533	1643	232
5430	5563	343
5891	6032	477
6520	6663	619
6749	6813	763
6895	7019	828
7623	7789	953
9880	10221	1120
0	222	0
1524	1634	223
5421	5917	334
0	205	0
5404	5537	206
5865	6006	340
6494	6637	482
6723	6787	626
6869	6993	691
7597	7763	816
9661	9729	983
9854	10195	1052
0	205	0
1507	1617	206
5404	5537	317
5865	6006	451
6494	6637	593
6723	6787	737
6876	6993	802
7597	7763	920
9661	9729	1087
9854	10199	1156
0	178	0
1480	1590	179
5377	5510	290
5838	5979	424
6574	6760	566
6842	6967	753
0	31	0
3818	4159	32
4279	4420	374
4908	5051	516
5137	5201	660
5283	5342	725
0	498	0
580	687	499
0	117	0
761	887	118
2785	2853	245
2978	3322	314
0	74	0
199	540	75
0	20	0
313	351	21
0	371	0
2226	2365	372
2833	2961	512
0	444	0
2711	3303	445
4102	5134	1038
7209	7354	2071
7437	7552	2217
7721	7872	2333
8199	8363	2485
8438	8508	2650
8754	9313	2721
0	49	0
267	744	50
0	1247	0
1448	1547	1248
1719	1851	1348
1932	2015	1481
2093	2150	1565
2244	2344	1623
2418	2540	1724
2815	2925	1847
3593	3692	1958
4544	4825	2058
11124	11470	2340
0	1244	0
1445	1544	1245
1716	1848	1345
1929	2012	1478
2090	2147	1562
2241	2341	1620
2415	2466	1721
0	1244	0
1716	1848	1245
1929	2012	1378
2090	2147	1462
2241	2341	1520
2415	2537	1621
2812	2922	1744
3590	3689	1855
4541	4822	1955
11121	11464	2237
0	209	0
525	1243	210
1444	1847	929
1928	1989	1333
0	1636	0
0	437	0
638	737	438
909	1154	538
1283	1340	784
1434	1517	842
0	200	0
401	500	201
672	804	301
885	917	434
1046	1103	467
1197	1297	525
0	200	0
401	500	201
672	804	301
885	917	434
1046	1103	467
1197	1297	525
1371	1878	626
2546	2645	1134
3497	3601	1234
0	165	0
261	365	166
637	769	271
850	933	404
1011	1068	488
1162	1262	546
1336	1587	647
0	242	0
323	541	243
635	735	462
809	1032	563
0	140	0
214	336	141
611	721	264
1389	1488	375
0	123	0
398	508	124
1176	1275	235
2127	2408	335
5214	5358	617
0	75	0
350	460	76
1128	1245	187
2079	2191	305
0	339	0
1007	1106	340
1958	2083	440
8538	8612	566
0	32	0
700	1098	33
0	106	0
0	425	0
4772	4893	426
6093	6159	548
6260	6397	615
9831	9947	753
10117	10263	870
11326	12770	1017
0	138	0
391	488	139
4485	4606	237
5806	5872	359
5973	6109	426
0	113	0
4460	4581	114
5781	5847	236
5948	6085	303
9805	9951	441
11014	12262	588
0	113	0
4460	4581	114
5781	5847	236
5948	6085	303
9805	9951	441
11014	12453	588
0	105	0
4452	4573	106
5773	5839	228
5940	6044	295
9511	9627	400
9797	9943	517
11006	11408	664
0	95	0
4442	4563	96
5763	5829	218
5930	6292	285
10921	11003	648
0	95	0
4442	4563	96
5763	5829	218
5930	6067	285
9438	9617	423
9787	9933	603
10996	11749	750
0	33	0
4380	4501	34
5701	5767	156
5868	6005	223
9725	9986	361
0	33	0
9725	9997	34
0	249	0
1449	1515	250
1616	1753	317
5187	5303	455
5473	5619	572
6682	6790	719
0	55	0
1255	1321	56
1422	1559	123
4993	5109	261
5279	5425	378
5742	5863	525
6488	6927	647
0	2265	0
0	337	0
0	93	0
1122	1324	94
1407	1500	297
1728	1869	391
1961	2073	533
2212	2294	646
2643	2723	729
2938	3148	810
3231	3370	1021
3622	3738	1161
4474	4641	1278
4899	5128	1446
6127	6303	1676
6699	6921	1853
7054	7275	2076
7350	7551	2298
8792	8902	2500
9163	9334	2611
10818	10949	2783
11052	11191	2915
11346	11483	3055
11839	12023	3193
12111	12183	3378
13226	13428	3451
13685	13733	3654
13903	14007	3703
14090	14238	3808
14467	14591	3957
14677	14775	4082
14994	15248	4181
15804	15836	4436
15963	16140	4469
16227	16396	4647
16804	16981	4817
17211	17326	4995
17812	17956	5111
18043	18166	5256
18515	18644	5380
18717	18837	5510
18920	18982	5631
21679	21785	5694
22069	22210	5801
23441	23575	5943
23657	23760	6078
24058	24150	6182
24828	25068	6275
25167	25466	6516
0	80	0
1109	1566	81
0	76	0
1235	1307	77
1390	1483	150
1711	1852	244
1944	2056	386
2195	2271	499
0	73	0
1102	1304	74
1387	1480	277
1708	1849	371
1941	2053	513
2192	2621	626
0	69	0
1098	1300	70
1383	2049	273
2188	2338	940
0	225	0
314	401	226
629	770	314
862	974	456
0	222	0
305	398	223
626	899	317
0	65	0
148	241	66
469	610	160
702	814	302
953	1035	415
1384	1464	498
1679	1889	579
1972	2111	790
2363	2479	930
3215	3382	1047
3640	3869	1215
4868	5044	1445
5440	5662	1622
5795	6016	1845
6091	6292	2067
7533	7643	2269
7904	8075	2380
9559	9690	2552
9793	9932	2684
10087	10224	2824
10580	10764	2962
10852	10924	3147
11967	12169	3220
12426	12474	3423
12644	12748	3472
12831	12979	3577
13208	13332	3726
13418	13516	3851
13735	13989	3950
14545	14577	4205
14704	14881	4238
14968	15137	4416
15545	15722	4586
15952	16067	4764
16553	16697	4880
16784	16907	5025
17256	17385	5149
17458	17578	5279
17661	17723	5400
20420	20526	5463
20810	20951	5570
22182	22316	5712
22398	22501	5847
22799	22891	5951
23569	23809	6044
23908	24207	6285
0	164	0
379	589	165
672	811	376
1063	1179	516
1915	2082	633
2340	2569	801
3568	3744	1031
4140	4362	1208
4495	4716	1431
4791	4992	1653
6233	6343	1855
6604	6775	1966
8259	8390	2138
8493	8632	2270
8787	8924	2410
9280	9464	2548
9552	9624	2733
10667	10869	2806
11126	11174	3009
11344	11448	3058
11531	11679	3163
11908	12032	3312
12118	12216	3437
12435	12689	3536
13245	13277	3791
13404	13581	3824
13668	13837	4002
14245	14422	4172
14652	14767	4350
15253	15397	4466
15484	15607	4611
15956	16085	4735
16158	16278	4865
16361	16423	4986
19120	19226	5049
19510	19651	5156
20882	21016	5298
21098	21201	5433
21499	21591	5537
22269	22509	5630
22608	22763	5871
0	87	0
698	872	88
1625	1846	263
1921	2022	485
0	32	0
115	263	33
702	800	182
1019	1273	281
1829	1861	536
0	150	0
380	495	151
1035	1125	267
1212	1335	358
1684	1813	482
1886	2006	612
2089	2151	733
4848	4954	796
5238	5379	903
6610	6744	1045
6826	6929	1180
7227	7319	1284
7997	8237	1377
8336	8635	1618
0	389	0
875	1019	390
1106	1117	535
0	389	0
875	1019	390
1106	1229	535
1578	1707	659
1780	1900	789
1983	2223	910
0	52	0
1283	1417	53
1499	1684	188
0	201	0
879	1119	202
1239	1520	443
0	88	0
272	512	89
611	669	330
0	240	0
2491	2821	241
7226	7369	572
7583	7667	716
7751	7823	801
8025	8091	874
8181	8318	941
8420	8484	1079
8691	8801	1144
8876	8956	1255
11934	12122	1336
13780	13917	1525
14005	14195	1663
14332	14456	1854
14541	14624	1979
14759	14863	2063
14969	15141	2168
15627	15815	2341
15901	16038	2530
16917	17143	2668
17220	17430	2895
18315	18423	3106
19737	20343	3215
0	132	0
1905	2235	133
6640	6714	464
0	320	0
1239	1569	321
5974	6117	652
6331	6415	796
6499	6571	881
6773	6839	954
6929	7066	1021
7168	7232	1159
7439	7549	1224
7624	7704	1335
10682	10870	1416
12528	12665	1605
12753	12943	1743
13080	13204	1934
13289	13372	2059
13507	13611	2143
13717	13889	2248
14375	14563	2421
14649	14786	2610
15665	15891	2748
15968	16178	2975
17063	17171	3186
18485	19453	3295
0	178	0
5832	5975	179
6189	6273	323
6357	6429	408
6631	6697	481
6787	6924	548
7026	7090	686
7297	7407	751
7482	7562	862
10540	10728	943
12386	12523	1132
12611	12801	1270
12938	13230	1461
13365	13469	1754
13575	13747	1859
14233	14421	2032
14507	14644	2221
15523	15749	2359
15826	16036	2586
16921	17029	2797
18343	18775	2906
0	178	0
5832	5975	179
6189	6273	323
6357	6429	408
6631	6697	481
6787	6924	548
7026	7090	686
7297	7407	751
7482	7562	862
10540	10728	943
12386	12523	1132
12611	12801	1270
12938	13230	1461
13365	13469	1754
13575	13747	1859
14233	14421	2032
14507	14644	2221
15523	15749	2359
15826	16036	2586
16921	17029	2797
18343	18775	2906
0	176	0
12936	13228	177
13363	13467	470
13573	13644	575
0	168	0
1006	1417	169
5822	5965	581
6179	6263	725
6347	6419	810
6621	6687	883
6777	6914	950
7016	7080	1088
7287	7397	1153
7472	7552	1264
10530	10718	1345
12376	12513	1534
12601	12791	1672
12928	13052	1863
13137	13220	1988
13355	13459	2072
13565	13737	2177
14223	14411	2350
14497	14634	2539
15513	15739	2677
15816	16026	2904
16911	17019	3115
18333	19299	3224
0	176	0
916	1246	177
5651	5794	508
6008	6092	652
6176	6248	737
6450	6516	810
6606	6743	877
6845	6909	1015
7116	7226	1080
7301	7381	1191
10359	10547	1272
12205	12342	1461
12430	12620	1599
12757	12881	1790
12966	13049	1915
13184	13288	1999
13394	13566	2104
14052	14240	2277
14326	14463	2466
15342	15568	2604
15645	15855	2831
16740	16848	3042
18162	19130	3151
0	137	0
1928	2071	138
2285	2369	282
2453	2525	367
2727	2793	440
2883	3020	507
3122	3186	645
3393	3503	710
3578	3658	821
6636	6824	902
8482	8619	1091
8707	8897	1229
9034	9158	1420
9243	9326	1545
9461	9565	1629
9671	9843	1734
10329	10517	1907
10603	10740	2096
11619	11845	2234
11922	12132	2461
13017	13125	2672
14439	15407	2781
0	253	0
1636	1779	254
0	163	0
365	431	164
521	658	231
760	824	369
1031	1141	434
0	602	0
2260	2397	603
2485	2675	741
2812	2936	932
3021	3104	1057
3239	3343	1141
3449	3621	1246
4107	4295	1419
4381	4518	1608
5397	5623	1746
5700	5910	1973
6795	6903	2184
8217	9185	2293
0	549	0
635	772	550
1651	1767	688
0	136	0
319	545	137
622	808	364
0	280	0
357	567	281
1452	1560	492
2874	3210	601
0	512	0
1397	1505	513
2819	3759	622
0	127	0
337	414	128
1299	1407	206
2721	3276	315
0	393	0
1471	1571	394
2014	2048	495
0	112	0
2596	2675	113
3008	3086	193
3211	3269	272
4032	4112	331
4916	5031	412
7028	7202	528
8383	8478	703
0	572	0
1324	1403	573
1736	1814	653
1939	1997	732
2760	2840	791
3644	3759	872
5756	5930	988
7111	7451	1163
0	553	0
1305	1384	554
1717	1795	634
1920	1978	713
2741	2821	772
3625	3740	853
5737	7208	969
0	399	0
1151	1230	400
1563	1641	480
1766	1824	559
2587	2667	618
3471	3586	699
5435	5582	815
6938	7015	963
0	296	0
1048	1506	297
0	84	0
836	915	85
1248	1326	165
1451	1505	244
2272	2352	299
3156	3271	380
3677	3710	496
0	55	0
807	886	56
1219	1297	136
1422	1480	215
2243	2323	274
3127	3242	355
6594	6710	471
0	406	0
2403	2577	407
3758	3860	582
0	348	0
1529	1619	349
0	190	0
1249	1343	191
1429	1573	286
1721	1872	431
2305	2329	583
2463	2522	608
2603	2842	668
0	119	0
1178	1272	120
1358	1502	215
1650	1801	360
2392	2451	512
2532	2779	572
0	59	0
1118	1212	60
1298	1442	155
1590	1741	300
2113	2198	452
2332	2375	538
0	54	0
1113	1207	55
1293	1437	150
1585	1736	295
2169	2193	447
2305	2386	472
2467	2715	554
0	513	0
770	864	514
950	1094	609
0	169	0
255	399	170
547	698	315
1131	1155	467
1289	1348	492
1429	1453	552
0	95	0
181	325	96
473	1081	241
1215	1274	850
1355	1603	910
0	56	0
204	355	57
788	812	209
946	1005	234
1119	1325	294
0	263	0
0	1067	0
1142	1332	1068
1498	1574	1259
1655	1786	1336
1869	1961	1468
2046	2140	1561
3108	3251	1656
3382	3456	1800
3869	3977	1875
4359	4430	1984
4552	4664	2056
4765	4900	2169
5181	5312	2305
5898	6067	2437
6594	6785	2607
8384	8466	2799
9192	9289	2882
9686	9862	2980
11374	11527	3157
11879	11984	3311
12269	12386	3417
14502	14645	3535
14831	14921	3679
15021	15154	3770
15257	15408	3904
15897	16002	4056
16305	16385	4162
19967	20128	4243
39672	39783	4405
41732	41805	4517
46547	46765	4591
66535	66646	4810
0	1063	0
1138	1328	1064
1494	1570	1255
1651	1782	1332
1865	1957	1464
2042	2136	1557
3104	3247	1652
3378	3452	1796
3865	3973	1871
4355	4426	1980
4548	4660	2052
4761	4896	2165
5177	5308	2301
5894	6063	2433
6590	6781	2603
8380	8462	2795
9188	9285	2878
9682	9828	2976
11370	11523	3123
11875	11980	3277
12265	12382	3383
14498	14641	3501
14827	14917	3645
15017	15150	3736
15253	15404	3870
15893	15998	4022
16301	16381	4128
19963	20124	4209
39668	39779	4371
41728	41801	4483
46543	46761	4557
66531	66615	4776
0	1062	0
1137	1327	1063
1493	1569	1254
1650	1781	1331
1864	1956	1463
2041	2135	1556
3103	3246	1651
3377	3451	1795
3864	3972	1870
4354	4425	1979
4547	4659	2051
4760	4895	2164
5176	5307	2300
5893	6062	2432
6589	6780	2602
8379	8461	2794
9187	9284	2877
9681	9857	2975
11369	11522	3152
11874	11979	3306
12264	12381	3412
14497	14640	3530
14826	14916	3674
15016	15149	3765
15252	15403	3899
15892	15997	4051
16300	16380	4157
19962	20123	4238
24448	24579	4400
0	139	0
214	404	140
570	1033	331
1118	1212	795
2180	2323	890
2454	2528	1034
2941	3113	1109
0	276	0
1244	1387	277
1518	1561	421
0	747	0
1473	1570	748
1967	2143	846
3655	3808	1023
4160	4265	1177
4550	4667	1283
6783	6926	1401
7112	7202	1545
7302	7435	1636
7538	7689	1770
8178	8283	1922
8586	8666	2028
12248	12409	2109
16734	16865	2271
0	103	0
1615	1768	104
2120	2225	258
2510	2722	364
0	105	0
19649	19760	106
21709	21782	218
26524	26742	292
27426	27476	511
0	104	0
19648	19759	105
21708	21781	217
26523	26741	291
46063	46113	510
0	55	0
19599	19710	56
21659	21732	168
26474	26692	242
40984	41233	461
0	252	0
29010	29093	253
29917	29979	337
0	612	0
0	1462	0
12676	12759	1463
13583	13672	1547
14632	14764	1637
14840	14976	1770
15472	15599	1907
16208	16265	2035
17244	17431	2093
20713	20922	2281
21852	22688	2491
0	387	0
9452	9582	388
11601	11684	519
12508	12597	603
13557	13689	693
13765	13901	826
14397	14524	963
15133	15190	1091
16169	16357	1149
0	379	0
11593	11676	380
12500	12589	464
13549	13681	554
13757	13893	687
14389	15182	824
16161	16348	1618
19630	21188	1806
0	334	0
13504	13636	335
13712	13748	468
0	112	0
11326	11409	113
12233	12322	197
13282	13626	287
14122	14250	632
0	704	0
1200	1327	705
1936	1996	833
0	127	0
736	793	128
1772	1959	186
5246	5450	374
6380	6644	579
0	24	0
490	3515	25
4445	4946	3051
0	2988	0
5139	5349	2989
5904	6044	3200
6284	6455	3341
6714	6858	3513
7214	7278	3658
7492	7631	3723
7709	7834	3863
9469	9740	3989
0	963	0
1922	2096	964
4247	4457	1139
5012	5152	1350
5392	5648	1491
5829	5966	1748
6322	6386	1886
6600	6739	1951
6817	6942	2091
8577	8812	2217
0	189	0
1153	1327	190
3478	3688	365
4243	4342	576
4623	4794	676
5053	5137	848
0	1327	0
3478	3688	1328
4243	4383	1539
4623	4794	1680
5053	5197	1852
5553	5617	1997
5831	5970	2062
6048	6173	2202
7808	8043	2328
0	168	0
427	768	169
927	991	511
1205	1344	576
1422	1547	716
3182	3272	842
0	47	0
225	861	48
1185	1343	685
0	241	0
706	859	242
2347	2435	396
2565	2690	485
2987	3074	611
0	241	0
706	859	242
2347	2435	396
2565	3075	485
0	1586	0
0	839	0
2327	2415	840
2545	2670	929
2967	3055	1055
0	792	0
2280	2368	793
2498	3008	882
0	171	0
636	789	172
2277	2365	326
2495	2620	415
2871	2966	541
0	281	0
1769	1857	282
1987	2213	371
0	128	0
258	768	129
0	107	0
1337	1976	108
3009	3096	748
3286	3348	836
0	107	0
1337	1976	108
3009	3096	748
3286	3348	836
5614	5925	899
6349	6508	1211
6869	7141	1371
8442	10587	1644
0	641	0
1674	1761	642
1951	2013	730
4279	4590	793
5014	5173	1105
5534	5806	1265
7107	9255	1538
0	388	0
578	640	389
2906	2976	452
0	27	0
217	279	28
2332	2460	91
2545	2680	220
0	398	0
483	619	399
0	253	0
11543	11651	254
11755	11861	363
11944	12082	470
12166	12247	609
12596	12666	691
13042	13787	762
0	297	0
9772	9880	298
9984	10090	407
10173	10277	514
0	475	0
3087	3406	476
0	299	0
2983	3230	300
0	259	0
2871	3081	260
9546	9647	471
0	322	0
2432	2877	323
0	48	0
4275	4383	49
4487	4593	158
4676	4814	265
4898	4979	404
5328	5398	486
5774	5989	557
0	362	0
4125	4233	363
4337	4443	472
4526	4558	579
6166	6193	612
0	204	0
3840	3948	205
4052	4158	314
4241	4379	421
4463	4544	560
4893	4963	642
5339	5644	713
0	212	0
3774	3891	213
0	63	0
3699	3807	64
3911	4017	173
4100	4238	280
4322	4403	419
4752	4822	501
7078	7251	572
0	104	0
3589	3697	105
3801	3907	214
3990	4128	321
4212	4293	460
4642	4689	542
0	31	0
3516	3624	32
3728	3834	141
3917	4055	248
4139	4220	387
4569	4639	469
6895	7028	540
7240	7421	674
0	224	0
1659	2075	225
0	79	0
1597	1705	80
1809	2136	189
2220	2301	517
2650	2720	599
3096	3221	670
0	79	0
1536	1705	80
1809	1915	250
1998	2136	357
2220	2301	496
2650	3809	578
0	75	0
1548	1550	76
1596	1704	79
1808	1914	188
1997	2135	295
2219	2300	434
2649	3145	516
0	78	0
1596	1704	79
1789	1914	188
1997	2135	314
2219	3272	453
0	78	0
1535	1704	79
1808	2135	249
2219	2300	577
2649	3445	659
0	78	0
1596	1704	79
1808	1914	188
1997	2033	295
2219	2300	332
2649	3777	414
0	75	0
1548	1550	76
1596	1704	79
1808	1914	188
1997	2135	295
2219	2300	434
2649	2719	516
3095	3840	587
0	78	0
1535	1704	79
1808	1914	249
1997	2135	356
2219	2300	495
2649	2719	577
4975	5031	648
0	78	0
1596	2135	79
2219	2300	619
2649	5475	701
0	77	0
1595	1703	78
1807	2032	187
2218	2299	413
2648	5107	495
5316	5472	2955
0	75	0
1593	1701	76
1805	2159	185
0	75	0
1593	1701	76
1994	2132	185
2216	2297	324
2646	5105	406
5314	5472	2866
0	75	0
1593	1701	76
1994	2132	185
2216	2297	324
2646	5105	406
5314	5472	2866
0	74	0
1592	1700	75
1993	2131	184
2215	2296	323
2645	2715	405
3091	3264	476
0	73	0
1591	1699	74
1803	1909	183
1992	2130	290
2214	2295	429
2644	3191	511
0	73	0
1591	1699	74
1803	1909	183
1992	2130	290
2214	2295	429
2644	2714	511
3090	3835	582
0	66	0
1584	1692	67
1985	2123	176
2207	2288	315
2637	3048	397
0	63	0
1581	1689	64
1793	1899	173
1982	2120	280
2204	2285	419
2634	2704	501
4960	5093	572
5302	5533	706
0	62	0
1580	1688	63
1792	2017	172
2203	2284	398
2633	2703	480
3079	3455	551
0	62	0
1580	1688	63
1981	2119	172
2203	2284	311
2633	2703	393
4959	5092	464
5301	5532	598
0	60	0
562	565	61
1578	1686	65
1790	1896	174
1979	2117	281
2201	2282	420
2631	3200	502
0	60	0
1578	1686	61
1790	1896	170
1979	2117	277
2201	2282	416
2631	2701	498
4957	5460	569
0	59	0
1577	1685	60
1789	1895	169
1978	2288	276
0	58	0
1576	1684	59
1788	1894	168
1977	2115	275
2199	2280	414
2629	2699	496
4142	4363	567
4955	5092	789
5297	5421	927
0	54	0
1572	1680	55
1765	1890	164
1973	2111	290
2195	2276	429
2625	3018	511
0	317	0
0	762	0
866	972	763
0	170	0
274	380	171
463	601	278
685	766	417
1115	1185	499
1561	1810	570
0	151	0
255	361	152
444	582	259
666	747	398
1096	1166	480
3422	3710	551
0	465	0
814	890	466
0	83	0
432	502	84
2052	2166	155
2758	2891	270
3100	3261	404
0	108	0
1434	1523	109
0	367	0
959	1092	368
1301	1462	502
0	211	0
803	1077	212
0	803	0
2156	2272	804
3750	4201	921
0	157	0
1237	1353	158
2831	3282	275
0	580	0
1090	1206	581
2684	2743	698
0	1206	0
2684	3129	1207
0	46	0
906	1378	47
0	31	0
70430	70558	32
71118	71203	161
72503	72573	247
74245	75141	318
76359	76460	1215
78618	78688	1317
80414	80490	1388
81269	81329	1465
83374	83449	1526
83705	83755	1602
84751	85187	1653
87181	87269	2090
90628	92540	2179
0	154	0
9391	9704	155
12397	12462	469
13670	15277	535
0	317	0
0	765	0
1150	1639	766
0	309	0
1613	1738	310
2298	2379	436
0	98	0
1402	1527	99
2087	2577	225
0	158	0
1347	1472	159
2032	2117	285
3417	3487	371
5159	5696	442
0	41	0
2030	2115	42
3415	3485	128
3609	4915	199
0	126	0
686	771	127
2071	2141	213
2265	2370	284
3813	4275	390
0	126	0
686	771	127
2071	2141	213
2265	2377	284
3813	4709	397
5927	6028	1294
8186	8256	1396
9982	10058	1467
10837	10897	1544
12942	13017	1605
13273	13323	1681
14319	15156	1732
0	126	0
686	771	127
2071	2141	213
3813	4709	284
5927	6028	1181
8186	8256	1283
9982	10058	1354
10837	10897	1431
12942	13017	1492
13273	13323	1568
14319	14755	1619
16749	16837	2056
20196	22107	2145
0	125	0
685	770	126
2070	2140	212
2264	2376	283
3812	4708	396
5926	6027	1293
8185	8255	1395
9981	10057	1466
10836	10896	1543
12941	13016	1604
13272	13322	1680
14318	14754	1731
16748	16836	2168
20195	22107	2257
0	85	0
645	730	86
2030	2100	172
2224	2336	243
3772	4668	356
5886	5987	1253
8145	8215	1355
9941	10017	1426
10796	10856	1503
12901	12976	1564
13232	13282	1640
14278	14714	1691
16708	16796	2128
20155	20553	2217
0	85	0
645	730	86
2030	2100	172
3772	4668	243
5886	5987	1140
8145	8215	1242
9941	10017	1313
10796	10856	1390
12901	12976	1451
13232	13282	1527
14278	14714	1578
14870	15026	2015
16708	16796	2172
20155	20553	2261
0	1486	0
1610	1722	1487
3158	3653	1600
0	450	0
2608	2678	451
4404	4450	522
0	236	0
492	542	237
1538	1674	288
0	63	0
1749	1837	64
5196	5542	153
0	1061	0
4420	4818	1062
0	2133	0
4281	4679	2134
0	542	0
3012	3410	543
0	307	0
412	465	308
0	313	0
670	747	314
0	81	0
181	415	82
4284	4320	317
4998	5066	354
5306	5411	423
7344	7523	529
7592	7638	709
9715	10018	756
0	311	0
4180	4216	312
4894	4962	349
5202	5307	418
7240	7419	524
7488	7534	704
9611	9699	751
11760	11953	840
0	58	0
3927	3963	59
4641	5054	96
6987	7166	510
7235	7281	690
9358	11700	737
0	266	0
3921	3957	267
4635	5048	304
6981	7275	718
9352	11694	1013
0	42	0
3911	3947	43
4625	4693	80
4933	5038	149
6971	7265	255
9342	9977	550
0	42	0
3911	3947	43
4625	4693	80
4933	5038	149
6971	7150	255
7219	7265	435
9342	9430	482
10518	10970	571
0	38	0
3907	3943	39
4621	4689	76
4929	7146	145
7215	7261	2363
9338	9806	2410
0	38	0
3907	3943	39
4621	4689	76
4929	5034	145
6967	7146	251
7215	7261	431
9338	11677	478
0	30	0
3904	3940	31
4618	4686	68
4926	5031	137
6964	7143	243
7212	7258	423
9335	9423	470
11484	11669	559
0	24	0
2600	2721	25
3893	3929	147
4607	4675	184
4915	5020	253
6953	7132	359
7201	7247	539
9324	9412	586
11473	11510	675
0	19	0
3888	3924	20
4602	4670	57
4820	5015	126
6948	7127	322
7196	7242	502
9319	9609	549
0	105	0
3760	3796	106
4474	4542	143
4782	4887	212
6820	6999	318
7068	7114	498
9191	9275	545
0	102	0
780	848	103
1088	1193	172
3126	3305	278
3374	3420	458
5497	5804	505
0	42	0
720	788	43
1028	1133	112
3066	3245	218
3314	3360	398
5437	5525	445
6613	7742	534
0	304	0
525	593	305
833	938	374
2871	3050	480
3119	3165	660
5242	7584	707
0	279	0
500	774	280
0	3742	0
0	1436	0
1718	2187	1437
2634	4297	1907
0	36	0
322	791	37
1238	1301	507
0	28	0
310	779	29
1226	1300	499
0	407	0
1824	1934	408
2036	2103	519
2432	2495	587
2701	2846	651
4204	4451	797
0	773	0
875	942	774
1271	1334	842
1540	1685	906
3043	3317	1052
0	147	0
316	426	148
528	595	259
924	991	327
0	233	0
9931	9971	234
10635	10801	275
11097	11162	442
13579	13689	508
14779	14827	619
18309	18391	668
21273	21426	751
22398	22427	905
22653	22793	935
24945	25121	1076
26170	26258	1253
27168	28151	1342
0	189	0
9887	9927	190
10591	10757	231
11053	11118	398
13535	13645	464
14735	14783	575
18265	18347	624
21229	21382	707
22354	22383	861
22609	22749	891
24901	25077	1032
27124	28074	1209
0	125	0
9823	9863	126
10527	10693	167
10989	11054	334
13474	13581	400
14671	14719	508
21165	21226	557
0	94	0
8749	8847	95
9792	9832	194
10496	10662	235
10958	11023	402
13443	13550	468
14640	14715	576
0	67	0
9765	9805	68
10469	10635	109
13413	13523	276
14613	14661	387
18143	18225	436
21107	21260	519
22232	22272	673
0	255	0
7676	7716	256
8380	8546	297
8842	8885	464
0	159	0
765	834	160
0	200	0
1760	1800	201
2464	2630	242
2926	2991	409
5408	5492	475
0	1570	0
2234	2400	1571
2696	2761	1738
5178	5288	1804
6378	6426	1915
12872	13025	1964
13997	14026	2118
14252	14392	2148
16544	16720	2289
18770	19711	2466
0	2646	0
3618	3647	2647
3873	4013	2677
6165	6341	2818
8388	9332	2995
0	98	0
1070	1099	99
1325	1465	129
3617	3793	270
5843	6465	447
0	3633	0
0	89	0
1002	1292	90
0	69	0
452	533	70
1660	1894	152
1990	2135	387
0	41	0
420	505	42
1632	1866	128
1962	2197	363
0	28	0
407	492	29
1561	1853	115
1949	2090	408
0	491	0
1618	1852	492
1948	2092	727
0	23	0
402	487	24
1311	1421	110
1614	1828	221
0	23	0
402	487	24
1614	1836	110
1944	2078	333
0	161	0
388	473	162
1600	1834	248
1930	2075	483
0	8	0
387	472	9
1599	2074	95
0	8	0
387	472	9
1186	1406	95
1599	1833	316
1929	2074	551
0	1463	0
1559	1704	1464
0	85	0
1219	1446	86
1542	1687	314
0	85	0
1161	1446	86
1542	1687	372
0	1099	0
0	40	0
6683	6841	41
6946	7036	200
7130	7310	291
8848	8956	472
0	189	0
2835	2993	190
3098	3188	349
3282	3462	440
5000	5108	621
5235	5351	730
5927	6004	847
6157	6255	925
6704	7094	1024
7816	7911	1415
10032	10171	1511
10631	10708	1651
10888	11004	1729
11814	12028	1846
15006	15260	2061
0	189	0
2835	2993	190
3098	3188	349
3282	3462	440
5000	5108	621
5235	5351	730
5927	6004	847
6157	6255	925
6704	7094	1024
7816	7911	1415
10032	10171	1511
10631	10708	1651
10888	11004	1729
11814	12028	1846
15006	23095	2061
0	189	0
2835	2993	190
3098	3188	349
3282	3462	440
5000	5099	621
10064	10171	721
10631	10708	829
10888	11004	907
11814	12028	1024
15006	23095	1239
0	174	0
2828	2986	175
3091	3181	334
3275	3458	425
0	43	0
2689	2847	44
2952	3042	203
3136	3316	294
4854	4962	475
5092	5205	584
5781	5858	698
6011	6109	776
6558	7765	875
9886	10025	2083
10485	10562	2223
10742	10858	2301
11668	11882	2418
14860	15123	2633
0	1853	0
1958	2048	1854
2142	2322	1945
3860	3968	2126
4095	4211	2235
4787	4864	2352
5017	5115	2430
5564	5954	2529
6676	6771	2920
8892	9031	3016
9491	9568	3156
9748	9864	3234
10674	10888	3351
13866	21949	3566
0	120	0
786	944	121
1049	1139	280
1233	1416	371
0	926	0
0	576	0
4815	4869	577
0	681	0
17631	17762	682
18020	18058	814
0	2057	0
5573	5704	2058
5962	6355	2190
0	1850	0
1942	2054	1851
5570	5701	1964
5959	5990	2096
0	1103	0
4499	4750	1104
5008	5061	1356
0	2313	0
0	1328	0
4588	4730	1329
0	1062	0
4578	4922	1063
0	760	0
4295	4418	761
0	374	0
3890	4021	375
4230	4299	507
0	373	0
3889	4020	374
4255	4296	506
0	390	0
2870	3001	391
3259	3309	523
0	167	0
361	492	168
750	806	300
0	470	0
679	699	471
0	131	0
289	403	132
0	779	0
974	1047	780
1468	1592	854
1856	2035	979
2222	2339	1159
2410	2513	1277
2599	2699	1381
5425	5545	1482
5713	5885	1603
6357	6433	1776
6536	6664	1853
6760	6852	1982
8365	8469	2075
8730	8907	2180
0	779	0
925	1047	780
1856	2035	903
2222	2339	1083
2410	2513	1201
2599	2699	1305
5425	5637	1406
5713	5885	1619
6357	6433	1792
6536	6664	1869
6760	6852	1998
8365	8914	2091
0	779	0
925	1047	780
1468	1592	903
1856	2035	1028
2222	2339	1208
2410	2513	1326
2599	2699	1430
5425	5637	1531
5713	5885	1744
6175	6263	1917
6357	6433	2006
6536	6664	2083
6760	6852	2212
8365	8469	2305
8730	8980	2410
0	779	0
925	1047	780
1856	2035	903
2222	2513	1083
2599	2699	1375
5425	5885	1476
6357	6433	1937
6536	6664	2014
6760	6852	2143
8365	8983	2236
0	221	0
367	681	222
0	64	0
485	609	65
873	1052	190
1239	1356	370
1427	1530	488
1616	1716	592
4442	4902	693
5374	5450	1154
5553	5681	1231
5777	5869	1360
7382	7486	1453
7747	7994	1558
0	36	0
457	581	37
845	1024	162
1211	1405	342
0	443	0
529	629	444
0	50	0
378	738	51
0	115	0
587	663	116
766	894	193
990	1082	322
3405	3554	415
0	95	0
567	643	96
746	874	173
970	1062	302
2575	2679	395
2940	3187	500
0	77	0
180	308	78
404	496	207
2009	2113	300
2819	2953	405
0	129	0
225	317	130
1630	1732	223
1830	1934	326
2460	2483	431
0	218	0
4128	4221	219
4303	4441	313
5119	5287	452
6008	6761	621
0	191	0
4101	4194	192
4276	4988	286
0	24	0
106	244	25
922	1090	164
1228	1308	333
1811	2007	414
0	131	0
809	977	132
1115	1195	301
1698	1846	382
2166	2245	531
0	1298	0
1572	1643	1299
1721	1910	1371
2224	2387	1561
2539	2625	1725
2980	3091	1812
3425	3552	1924
5132	5240	2052
5350	5410	2161
5621	5712	2222
5827	5899	2314
6607	6662	2387
0	1292	0
1566	1637	1293
1715	1904	1365
2218	2381	1555
2533	2619	1719
2974	3085	1806
3419	3546	1918
5126	5234	2046
5344	5404	2155
5615	5706	2216
5821	6136	2308
7939	8165	2624
0	159	0
774	1275	160
1549	1620	662
1698	1730	734
0	441	0
872	1061	442
1375	1538	632
1690	1776	796
2131	2242	883
2576	2703	995
4283	4391	1123
4501	4561	1232
4772	4866	1293
4978	5085	1388
0	441	0
872	1061	442
1375	1538	632
1690	1776	796
2131	2242	883
2576	2703	995
4283	4391	1123
4501	4561	1232
4772	4866	1293
4978	5050	1388
5169	5269	1461
0	449	0
723	794	450
872	1061	522
1375	1538	712
1690	1776	876
2131	2242	963
2576	2703	1075
4283	4391	1203
4501	4561	1312
4772	4866	1373
4978	5050	1468
5209	5269	1541
0	385	0
659	730	386
808	997	458
1311	1474	648
1626	1712	812
2067	2178	899
2512	2639	1011
4219	4327	1139
4437	4497	1248
4708	4799	1309
4914	4986	1401
5694	5841	1474
7032	7088	1622
0	293	0
607	787	294
0	189	0
503	666	190
806	857	354
0	113	0
265	351	114
706	817	201
1151	1616	313
2858	2930	779
0	111	0
445	572	112
2152	2260	240
2370	2430	349
2641	2732	410
2847	2919	502
3627	3729	575
4965	5021	678
0	379	0
512	581	380
0	108	0
218	278	109
489	580	170
695	767	262
2813	3407	335
0	108	0
218	278	109
489	580	170
695	767	262
1475	1577	335
3319	3454	438
0	172	0
1231	1344	173
1521	1637	287
2412	2541	404
2630	2717	534
2829	2924	622
3862	4060	718
4228	4354	917
4824	4900	1044
5332	5416	1121
5673	5750	1206
7664	7809	1284
9857	9967	1430
10991	11382	1541
0	459	0
636	752	460
1527	1656	577
1745	1832	707
1944	2039	795
2977	3175	891
3343	3469	1090
3939	4015	1217
4447	4531	1294
4788	4865	1379
6779	6924	1457
8972	9082	1603
10106	10497	1714
0	200	0
368	494	201
964	1040	328
1472	1556	405
1813	1890	490
3804	3949	568
7131	7316	714
0	91	0
561	711	92
0	51	0
0	2254	0
12795	13389	2255
0	719	0
907	2253	720
12794	13388	2067
0	716	0
904	2250	717
12791	12857	2064
0	81	0
0	285	0
0	1879	0
0	1898	0
4452	4629	1899
5982	6072	2077
7900	8037	2168
8415	8890	2306
0	1486	0
1663	1866	1487
4420	4597	1691
5950	6040	1869
7868	8005	1960
8383	8542	2098
15850	16089	2258
0	1480	0
1657	1860	1481
4414	4591	1685
5944	6034	1863
7862	7999	1954
8377	8536	2092
15940	16205	2252
0	1859	0
4413	4590	1860
5943	6033	2038
7861	7998	2129
8376	8535	2267
15843	15974	2427
0	146	0
323	526	147
3080	3257	351
4610	4700	529
6528	6942	620
0	199	0
2753	2930	200
4283	4373	378
6201	6338	469
6716	6875	607
21073	21221	767
27021	27106	916
0	93	0
2647	3285	94
0	161	0
1514	1604	162
2145	2272	253
3432	3465	381
0	110	0
1463	1553	111
3381	3518	202
3896	4055	340
11118	11200	500
0	533	0
0	387	0
2215	2606	388
0	114	0
1942	2079	115
2457	2616	253
3307	3764	413
0	157	0
6928	7335	158
0	1043	0
2240	2388	1044
8188	8309	1193
0	166	0
1363	1511	167
3988	4080	316
0	277	0
1363	1511	278
7311	7387	427
0	166	0
1363	1511	167
4245	4377	316
7311	7394	449
0	639	0
6439	6551	640
0	307	0
2412	2557	308
2915	3141	454
5993	6193	681
6394	6506	882
0	2555	0
2913	3139	2556
6392	6527	2783
9817	9940	2919
10022	10180	3043
10486	10559	3202
11674	11752	3276
11839	11897	3355
12544	12676	3414
12760	12929	3547
13019	13121	3717
14657	14706	3820
16282	16414	3870
18065	18132	4003
22744	22822	4071
23038	23111	4150
37061	37133	4224
40883	40993	4297
43006	43033	4408
0	2555	0
5991	6226	2556
6392	6527	2792
9817	9940	2928
10022	10180	3052
10486	10559	3211
11674	11752	3285
11839	11897	3364
12544	12676	3423
12760	12929	3556
13019	13121	3726
14657	14706	3829
16282	16414	3879
18065	18132	4012
22744	22822	4080
23038	23111	4159
37061	37133	4233
40883	40993	4306
43006	43311	4417
0	127	0
2232	2377	128
5813	6048	274
6214	6326	510
0	950	0
2154	2299	951
2657	2880	1097
6136	6271	1321
9561	9684	1457
9766	9924	1581
10230	10303	1740
11418	11496	1814
11583	11641	1893
12288	12420	1952
12504	12673	2085
12763	12865	2255
14401	14450	2358
16026	16158	2408
17809	17871	2541
22397	22491	2604
0	309	0
1513	1658	310
5094	5329	456
5495	5630	692
8920	8944	828
0	402	0
737	882	403
4318	4553	549
4719	4854	785
8144	8242	921
0	792	0
1150	1376	793
4629	4684	1020
0	600	0
4036	4572	601
7862	7985	1138
8067	8225	1262
8531	8604	1421
9719	9797	1495
9884	9942	1574
10589	10721	1633
10805	10974	1766
11064	11166	1936
12702	12751	2039
14327	14459	2089
16110	16177	2222
35106	35178	2290
38928	39027	2363
0	120	0
455	600	121
958	1184	267
4437	4572	494
7862	7985	630
8067	8225	754
8531	8604	913
9719	9797	987
9884	9942	1066
10589	10721	1125
10805	10974	1258
11064	11166	1428
12702	12751	1531
14327	14459	1581
16110	16177	1714
20789	20867	1782
21083	21156	1861
35106	35178	1935
38928	39496	2008
0	339	0
697	920	340
4176	4288	564
0	94	0
3530	3730	95
3931	4043	296
0	43	0
401	627	44
3479	3709	271
3880	4015	502
7305	7344	638
0	30	0
3320	3683	31
3989	4064	395
0	29	0
3319	3442	30
3524	3679	154
5176	5203	310
0	103	0
0	124	0
670	743	125
1858	1937	199
0	52	0
1628	1760	53
3411	3478	186
8003	8168	254
8384	8457	420
22407	22479	494
26229	26339	567
28352	28643	678
0	65	0
281	354	66
14304	14376	140
18126	18236	213
18999	19305	324
0	42	0
457	685	43
0	181	0
353	585	182
0	2481	0
22780	28615	2482
0	1195	0
2744	2871	1196
3084	3222	1324
3394	3633	1463
5028	5111	1703
6822	7045	1787
7286	7652	2011
7815	7914	2378
8682	8757	2478
9675	9786	2554
9926	10060	2666
13800	13912	2801
14002	14190	2914
14636	14804	3103
14899	14930	3272
17872	18080	3304
18184	18374	3513
19881	19969	3704
20412	20570	3793
23299	23381	3952
23813	23883	4035
24022	24094	4106
24553	24614	4179
25093	25191	4241
26147	26260	4340
27568	27659	4454
28547	28608	4546
29414	29809	4608
30111	30201	5004
0	1193	0
2742	2869	1194
3082	3220	1322
3392	3631	1461
5026	5109	1701
6820	7043	1785
7284	7650	2009
7813	7912	2376
8680	8755	2476
9673	9784	2552
9894	10058	2664
13798	13910	2829
14000	14188	2942
14634	14802	3131
14897	14928	3300
17870	18078	3332
18182	18372	3541
19879	19967	3732
20410	20568	3821
23297	23379	3980
23811	23881	4063
24020	24092	4134
24551	24612	4207
25091	25189	4269
26145	26258	4368
27566	27657	4482
28545	28606	4574
29412	29807	4636
30109	30194	5032
0	1193	0
2742	2869	1194
3082	3220	1322
3392	3631	1461
5026	5109	1701
6820	7043	1785
7284	7537	2009
7813	7912	2263
8680	8755	2363
9673	9784	2439
9894	10058	2551
13798	13910	2716
14000	14188	2829
14634	14802	3018
14897	14928	3187
17870	18078	3219
18182	18372	3428
19879	19967	3619
20410	20568	3708
23297	23379	3867
23811	23881	3950
24020	24431	4021
24551	24612	4433
25091	25189	4495
26145	26258	4594
27566	27657	4708
28545	28606	4800
29524	29807	4862
30109	30199	5146
0	242	0
1791	1918	243
2131	2269	371
2441	2680	510
4075	4158	750
5869	6092	834
6333	6699	1058
6862	6961	1425
7729	7804	1525
8722	8833	1601
8943	9107	1713
12847	12959	1878
13049	13237	1991
13683	13851	2180
13946	13977	2349
16919	17127	2381
17231	17421	2590
18928	19034	2781
19459	19617	2888
22346	22428	3047
22860	22930	3130
23069	23141	3201
23600	23661	3274
24140	24238	3336
25194	25307	3435
26615	26706	3549
27594	27655	3641
28461	28638	3703
29040	29172	3881
0	150	0
1545	1628	151
3339	3562	235
3803	4169	459
5199	5259	826
0	1391	0
1495	1685	1392
3192	3280	1583
3723	3881	1672
6610	6692	1831
7124	7396	1914
0	1375	0
1479	1669	1376
3176	3264	1567
3707	3865	1656
6594	6676	1815
7108	7178	1898
7317	7389	1969
7848	7909	2042
8388	8486	2104
9442	9555	2203
10863	10954	2317
11842	11903	2409
12709	12886	2471
13406	13496	2649
0	89	0
184	266	90
698	768	173
907	979	244
1438	1499	317
1978	2076	379
3032	3145	478
4453	4544	592
5432	5493	684
6299	6434	746
0	98	0
1054	1167	99
2475	2566	213
3454	3515	305
4321	4716	367
4900	5069	763
0	337	0
516	624	338
0	905	0
976	1096	906
1182	1320	1027
1449	1564	1166
1970	2080	1282
2458	2531	1393
3233	3346	1467
3457	3594	1581
3769	3882	1719
4685	4808	1833
5015	5146	1957
6270	6433	2089
8323	8536	2253
10590	10694	2467
11629	13382	2572
32953	33204	4326
0	115	0
186	348	116
0	475	0
604	671	476
0	79	0
0	140	0
269	384	141
790	1029	257
1278	1351	497
2053	2166	571
2277	2414	685
2589	2702	823
3505	3534	937
0	150	0
528	601	151
1303	1416	225
1527	1556	339
0	37	0
148	285	38
460	573	176
1376	1622	290
1706	1837	537
2961	3009	669
0	1168	0
1534	1627	1169
2020	2454	1263
0	2399	0
0	131	0
454	593	132
0	57	0
423	516	58
1018	1342	152
0	983	0
3058	3218	984
20554	20798	1145
0	51	0
793	1223	52
0	195	0
1881	2360	196
10641	11097	676
0	2359	0
10640	11167	2360
0	442	0
8476	8540	443
0	194	0
1224	1384	195
1519	1769	356
0	1287	0
0	193	0
590	976	194
0	615	0
698	877	616
3111	3305	796
4425	4994	991
8542	8737	1561
0	449	0
532	711	450
2945	3139	630
3920	4072	825
4259	4828	978
8376	8457	1548
0	448	0
531	3138	449
4258	6823	3057
0	448	0
531	710	449
1687	3138	629
4258	6823	2081
0	446	0
529	668	447
2942	3082	587
4256	4606	728
0	221	0
304	483	222
1460	1700	402
2717	2813	643
0	225	0
9765	9812	226
12480	12608	274
12913	13069	403
13675	13776	560
17856	17973	662
18894	20803	780
0	67	0
9607	9654	68
12322	12450	116
12755	12911	245
13517	13832	402
0	61	0
6512	8067	62
0	61	0
12316	12444	62
12749	12905	191
13511	13612	348
17692	17809	450
18730	18770	568
0	48	0
9588	9635	49
10041	10153	97
12303	12431	210
12736	12892	339
13498	13570	496
0	40	0
9580	9627	41
12295	12423	89
12728	12884	218
13490	13591	375
15249	15344	477
0	1784	0
0	35	0
9575	9622	36
12290	12418	84
12723	12879	213
17666	17783	370
18704	20608	488
0	21	0
6472	8027	22
0	616	0
3871	4236	617
0	371	0
6715	6762	372
9430	9558	420
9863	10019	549
10625	10701	706
0	354	0
9413	9541	355
9846	9908	484
0	357	0
1889	1936	358
4604	4732	406
0	15	0
3097	3512	16
0	1054	0
1975	3873	1055
0	725	0
727	824	726
0	229	0
28319	28770	230
37116	37156	682
37253	37322	723
37413	37561	793
37670	37904	942
37974	38059	1177
38130	38214	1263
38306	38454	1348
38563	38646	1497
38722	38828	1581
38960	40149	1688
0	214	0
8340	8822	215
0	148	0
27043	27494	149
35840	35883	601
0	480	0
855	975	481
1312	1667	602
1725	2018	958
0	422	0
797	917	423
1254	1997	544
0	82	0
4605	4670	83
14158	14272	149
14875	15326	264
20055	20119	716
0	133	0
8479	8685	134
8776	8924	341
9033	9267	490
9337	9422	725
9493	9577	811
0	297	0
406	640	298
866	949	533
0	297	0
406	640	298
710	795	533
866	950	619
0	36	0
127	275	37
384	773	186
844	928	576
1020	1168	661
1277	1472	810
0	144	0
236	384	145
0	27	0
119	242	28
376	459	152
535	641	236
0	1201	0
1382	1528	1202
1718	3121	1349
0	1201	0
1382	1528	1202
1718	1805	1349
2052	2244	1437
4556	4753	1630
5269	5851	1828
0	1201	0
1382	1528	1202
1718	1805	1349
2052	2244	1437
4556	4753	1630
5269	5374	1828
7572	7728	1934
11896	12015	2091
29849	30272	2211
